{
    "p": 4,
    "c": 1,
    "alpha": 0.5,
    "customers": [
        0,
        1,
        2,
        3,
        4,
        5,
        6,
        7,
        8,
        9,
        10,
        11,
        12,
        13,
        14,
        15,
        16,
        17,
        18,
        19,
        20,
        21,
        22,
        23,
        24,
        25,
        26,
        27,
        28,
        29
    ],
    "distances": [
        [
            0.0,
            13101.179956,
            16609.844989,
            21212.323505,
            33479.888381,
            46748.093269,
            19199.605215,
            21944.079898,
            22383.211586,
            27035.461695,
            32871.520675,
            39019.156758,
            24399.262768,
            27088.565475,
            31324.39871,
            33896.653055,
            38157.723264,
            44650.905228,
            31096.696222,
            34044.115926,
            37340.772714,
            36297.838505,
            37957.523461,
            44190.167195,
            37950.50675,
            36963.288341,
            39107.606508,
            39939.806386,
            41718.884783,
            42850.55462
        ],
        [
            13101.179956,
            0.0,
            15472.989627,
            9046.108789,
            21510.932321,
            36546.269535,
            13874.772202,
            11075.446307,
            9571.703868,
            13995.959033,
            19803.26774,
            25975.513336,
            18067.909797,
            17103.033789,
            19170.782117,
            21247.519124,
            25207.698951,
            31549.974379,
            22923.640823,
            24473.058972,
            26594.875842,
            24814.884565,
            26307.586805,
            31261.874906,
            34677.902944,
            29716.400853,
            29395.479355,
            29091.400404,
            30483.057575,
            31031.541637
        ],
        [
            16609.844989,
            15472.989627,
            0.0,
            15843.016693,
            24018.360113,
            33002.98901,
            28956.125564,
            26128.197539,
            22661.807073,
            25166.638128,
            29795.599415,
            33067.009535,
            33467.159381,
            32197.184108,
            32351.492872,
            33187.772714,
            35599.815365,
            39586.177224,
            38323.241591,
            39489.287975,
            40888.284501,
            38511.592079,
            39731.25124,
            41336.913121,
            49769.907318,
            45163.174988,
            44228.942434,
            43212.690556,
            44194.586016,
            44002.93086
        ],
        [
            21212.323505,
            9046.108789,
            15843.016693,
            0.0,
            12497.093675,
            27716.558014,
            20301.902344,
            13525.948883,
            8258.480083,
            9422.713801,
            14018.705402,
            18422.847522,
            23055.504483,
            18927.317132,
            16983.819453,
            17402.769268,
            19832.410011,
            24625.305186,
            25692.157217,
            25602.144085,
            25985.12665,
            23228.824144,
            24274.451139,
            25688.767144,
            39956.997899,
            32590.279541,
            29860.97215,
            28106.860324,
            28804.470335,
            28318.592451
        ],
        [
            33479.888381,
            21510.932321,
            24018.360113,
            12497.093675,
            0.0,
            16637.453523,
            30825.441492,
            22445.331468,
            16839.160216,
            13582.790546,
            12719.12949,
            10697.57723,
            32177.710125,
            25879.913317,
            20035.875567,
            17897.188258,
            16743.922583,
            17073.377708,
            32411.600193,
            30561.980074,
            28779.409527,
            25282.988804,
            25485.327855,
            20770.194914,
            48195.875341,
            38673.680996,
            33424.26795,
            30059.064633,
            29697.581969,
            27784.871694
        ],
        [
            46748.093269,
            36546.269535,
            33002.98901,
            27716.558014,
            16637.453523,
            0.0,
            47278.998258,
            39053.012239,
            33389.787881,
            30181.626039,
            28290.395635,
            22824.585433,
            48811.743088,
            42432.6258,
            36052.477469,
            33289.885111,
            30519.791239,
            26645.855791,
            48835.94967,
            46606.891744,
            44142.196981,
            40568.299231,
            40379.767705,
            32179.829622,
            64750.842076,
            54851.50601,
            48877.61968,
            44969.129028,
            44086.788476,
            41499.857352
        ],
        [
            19199.605215,
            13874.772202,
            28956.125564,
            20301.902344,
            30825.441492,
            47278.998258,
            0.0,
            8828.292031,
            14016.677934,
            18203.715774,
            22973.697968,
            30677.46207,
            5200.082282,
            10121.978733,
            17367.826332,
            21061.373718,
            26252.611763,
            34215.676706,
            12092.483835,
            15686.586273,
            19910.524415,
            20066.861529,
            21857.924541,
            31502.566289,
            20845.318074,
            17772.256166,
            20593.24391,
            22452.196321,
            24632.838746,
            26666.041112
        ],
        [
            21944.079898,
            11075.446307,
            26128.197539,
            13525.948883,
            22445.331468,
            39053.012239,
            8828.292031,
            0.0,
            5747.339949,
            9405.327744,
            14227.005793,
            21887.061727,
            9839.844656,
            6076.082782,
            9746.356049,
            13009.647732,
            18018.901481,
            25753.898809,
            12424.635475,
            13423.462045,
            15681.787459,
            14357.197708,
            16014.723357,
            23658.593173,
            26530.594423,
            19362.142737,
            18320.307167,
            18236.933897,
            19850.126949,
            20916.482215
        ],
        [
            22383.211586,
            9571.703868,
            22661.807073,
            8258.480083,
            16839.160216,
            33389.787881,
            14016.677934,
            5747.339949,
            0.0,
            4934.014675,
            10718.980893,
            17783.032064,
            15586.80164,
            10682.890877,
            9873.431678,
            11676.763152,
            15779.239853,
            22651.256063,
            17475.150061,
            17402.450934,
            18244.23553,
            15895.664194,
            17214.713468,
            21806.955615,
            32212.282405,
            24349.545086,
            21823.839943,
            20550.93602,
            21600.300289,
            21750.266553
        ],
        [
            27035.461695,
            13995.959033,
            25166.638128,
            9422.713801,
            13582.790546,
            30181.626039,
            18203.715774,
            9405.327744,
            4934.014675,
            0.0,
            5852.577857,
            12888.590627,
            18782.135888,
            12308.124083,
            7819.513552,
            8023.228504,
            11254.704675,
            17757.676103,
            18934.734018,
            17614.004219,
            17033.135616,
            14012.563725,
            14929.876843,
            17309.361125,
            34614.906552,
            25426.184984,
            21268.825828,
            18961.728594,
            19473.740645,
            18896.168491
        ],
        [
            32871.520675,
            19803.26774,
            29795.599415,
            14018.705402,
            12719.12949,
            28290.395635,
            22973.697968,
            14227.005793,
            10718.980893,
            5852.577857,
            0.0,
            7741.209877,
            22546.296851,
            15146.94069,
            7833.671778,
            5179.045339,
            5813.832236,
            11933.044908,
            20914.27672,
            18330.9155,
            16091.545887,
            12571.776119,
            12792.162863,
            11737.371844,
            37017.404115,
            26604.14907,
            20774.951243,
            17346.666255,
            17105.925072,
            15568.474824
        ],
        [
            39019.156758,
            25975.513336,
            33067.009535,
            18422.847522,
            10697.57723,
            22824.585433,
            30677.46207,
            21887.061727,
            17783.032064,
            12888.590627,
            7741.209877,
            0.0,
            30249.782071,
            22750.438815,
            15027.644605,
            11487.842648,
            7744.819544,
            6581.690613,
            28120.058135,
            24993.133664,
            21761.150815,
            18221.700231,
            17777.482944,
            10231.051245,
            44196.487166,
            33262.74253,
            26475.745577,
            22301.229868,
            21283.511548,
            18690.985437
        ],
        [
            24399.262768,
            18067.909797,
            33467.159381,
            23055.504483,
            32177.710125,
            48811.743088,
            5200.082282,
            9839.844656,
            15586.80164,
            18782.135888,
            22546.296851,
            30249.782071,
            0.0,
            7711.483567,
            15709.04515,
            19552.170182,
            24739.022666,
            32855.972053,
            7157.656224,
            11256.543287,
            15960.760769,
            16849.733079,
            18605.246452,
            29382.292195,
            16945.320304,
            12575.199664,
            15897.63944,
            18366.388831,
            20707.420837,
            23150.567532
        ],
        [
            27088.565475,
            17103.033789,
            32197.184108,
            18927.317132,
            25879.913317,
            42432.6258,
            10121.978733,
            6076.082782,
            10682.890877,
            12308.124083,
            15146.94069,
            22750.438815,
            7711.483567,
            0.0,
            8003.933569,
            11846.768717,
            17027.63041,
            25145.131063,
            6818.752305,
            7370.761607,
            10292.680856,
            9966.191274,
            11754.752791,
            21773.351088,
            22321.338083,
            13666.685637,
            12343.69579,
            12896.458941,
            14849.312159,
            16608.568623
        ],
        [
            31324.39871,
            19170.782117,
            32351.492872,
            16983.819453,
            20035.875567,
            36052.477469,
            17367.826332,
            9746.356049,
            9873.431678,
            7819.513552,
            7833.671778,
            15027.644605,
            15709.04515,
            8003.933569,
            0.0,
            3843.269277,
            9043.389626,
            17151.651542,
            13136.925192,
            10567.998334,
            9229.246966,
            6245.618441,
            7381.40978,
            14147.89858,
            29244.734156,
            18800.514227,
            13602.708579,
            11159.417196,
            11858.737092,
            11891.57238
        ],
        [
            33896.653055,
            21247.519124,
            33187.772714,
            17402.769268,
            17897.188258,
            33289.885111,
            21061.373718,
            13009.647732,
            11676.763152,
            8023.228504,
            5179.045339,
            11487.842648,
            19552.170182,
            11846.768717,
            3843.269277,
            0.0,
            5220.420341,
            13313.091558,
            16668.793335,
            13553.987135,
            10931.549443,
            7395.914074,
            7668.803619,
            10650.690972,
            32716.721538,
            21847.471206,
            15637.478549,
            12183.67898,
            12089.225467,
            10992.821336
        ],
        [
            38157.723264,
            25207.698951,
            35599.815365,
            19832.410011,
            16743.922583,
            30519.791239,
            26252.611763,
            18018.901481,
            15779.239853,
            11254.704675,
            5813.832236,
            7744.819544,
            24739.022666,
            17027.63041,
            9043.389626,
            5220.420341,
            0.0,
            8119.585209,
            21411.350832,
            17810.529133,
            14153.186299,
            10683.956095,
            10076.448785,
            6056.749399,
            37260.713137,
            25956.675099,
            18825.606589,
            14563.964978,
            13567.488036,
            11172.749224
        ],
        [
            44650.905228,
            31549.974379,
            39586.177224,
            24625.305186,
            17073.377708,
            26645.855791,
            34215.676706,
            25753.898809,
            22651.256063,
            17757.676103,
            11933.044908,
            6581.690613,
            32855.972053,
            25145.131063,
            17151.651542,
            13313.091558,
            8119.585209,
            0.0,
            29351.929745,
            25493.792006,
            21289.649846,
            18109.50457,
            17065.818401,
            5849.694709,
            44976.753464,
            33399.708636,
            25695.085513,
            21044.279688,
            19388.612166,
            16174.986467
        ],
        [
            31096.696222,
            22923.640823,
            38323.241591,
            25692.157217,
            32411.600193,
            48835.94967,
            12092.483835,
            12424.635475,
            17475.150061,
            18934.734018,
            20914.27672,
            28120.058135,
            7157.656224,
            6818.752305,
            13136.925192,
            16668.793335,
            21411.350832,
            29351.929745,
            0.0,
            4635.541108,
            9719.57184,
            11661.35112,
            13210.033407,
            24989.353714,
            16109.243544,
            6938.917552,
            8791.800182,
            11823.502538,
            14284.658938,
            17158.918351
        ],
        [
            34044.115926,
            24473.058972,
            39489.287975,
            25602.144085,
            30561.980074,
            46606.891744,
            15686.586273,
            13423.462045,
            17402.450934,
            17614.004219,
            18330.9155,
            24993.133664,
            11256.543287,
            7370.761607,
            10567.998334,
            13553.987135,
            17810.529133,
            25493.792006,
            4635.541108,
            0.0,
            5094.961111,
            7435.339038,
            8811.247098,
            20794.357993,
            19488.720705,
            8296.837385,
            5068.378946,
            7221.221465,
            9662.670134,
            12536.414992
        ],
        [
            37340.772714,
            26594.875842,
            40888.284501,
            25985.12665,
            28779.409527,
            44142.196981,
            19910.524415,
            15681.787459,
            18244.23553,
            17033.135616,
            16091.545887,
            21761.150815,
            15960.760769,
            10292.680856,
            9229.246966,
            10931.549443,
            14153.186299,
            21289.649846,
            9719.57184,
            5094.961111,
            0.0,
            3574.430775,
            4223.83552,
            16197.854004,
            23928.553021,
            12150.930989,
            4738.019349,
            2603.929914,
            4753.711508,
            7441.671541
        ],
        [
            36297.838505,
            24814.884565,
            38511.592079,
            23228.824144,
            25282.988804,
            40568.299231,
            20066.861529,
            14357.197708,
            15895.664194,
            14012.563725,
            12571.776119,
            18221.700231,
            16849.733079,
            9966.191274,
            6245.618441,
            7395.914074,
            10683.956095,
            18109.50457,
            11661.35112,
            7435.339038,
            3574.430775,
            0.0,
            1791.189914,
            13375.077839,
            26877.885144,
            15331.613963,
            8312.109569,
            4967.83383,
            5708.547274,
            6674.865784
        ],
        [
            37957.523461,
            26307.586805,
            39731.25124,
            24274.451139,
            25485.327855,
            40379.767705,
            21857.924541,
            16014.723357,
            17214.713468,
            14929.876843,
            12792.162863,
            17777.482944,
            18605.246452,
            11754.752791,
            7381.40978,
            7668.803619,
            10076.448785,
            17065.818401,
            13210.033407,
            8811.247098,
            4223.83552,
            1791.189914,
            0.0,
            12043.619127,
            28074.623776,
            16357.805198,
            8770.521504,
            4608.923326,
            4544.920477,
            4925.883919
        ],
        [
            44190.167195,
            31261.874906,
            41336.913121,
            25688.767144,
            20770.194914,
            32179.829622,
            31502.566289,
            23658.593173,
            21806.955615,
            17309.361125,
            11737.371844,
            10231.051245,
            29382.292195,
            21773.351088,
            14147.89858,
            10650.690972,
            6056.749399,
            5849.694709,
            24989.353714,
            20794.357993,
            16197.854004,
            13375.077839,
            12043.619127,
            0.0,
            40113.398266,
            28339.247842,
            20345.666371,
            15600.049029,
            13753.117445,
            10427.766331
        ],
        [
            37950.50675,
            34677.902944,
            49769.907318,
            39956.997899,
            48195.875341,
            64750.842076,
            20845.318074,
            26530.594423,
            32212.282405,
            34614.906552,
            37017.404115,
            44196.487166,
            16945.320304,
            22321.338083,
            29244.734156,
            32716.721538,
            37260.713137,
            44976.753464,
            16109.243544,
            19488.720705,
            23928.553021,
            26877.885144,
            28074.623776,
            40113.398266,
            0.0,
            11911.06864,
            20270.322587,
            24971.1413,
            27308.859814,
            30749.144824
        ],
        [
            36963.288341,
            29716.400853,
            45163.174988,
            32590.279541,
            38673.680996,
            54851.50601,
            17772.256166,
            19362.142737,
            24349.545086,
            25426.184984,
            26604.14907,
            33262.74253,
            12575.199664,
            13666.685637,
            18800.514227,
            21847.471206,
            25956.675099,
            33399.708636,
            6938.917552,
            8296.837385,
            12150.930989,
            15331.613963,
            16357.805198,
            28339.247842,
            11911.06864,
            0.0,
            8372.586535,
            13060.949216,
            15404.08681,
            18838.185318
        ],
        [
            39107.606508,
            29395.479355,
            44228.942434,
            29860.97215,
            33424.26795,
            48877.61968,
            20593.24391,
            18320.307167,
            21823.839943,
            21268.825828,
            20774.951243,
            26475.745577,
            15897.63944,
            12343.69579,
            13602.708579,
            15637.478549,
            18825.606589,
            25695.085513,
            8791.800182,
            5068.378946,
            4738.019349,
            8312.109569,
            8770.521504,
            20345.666371,
            20270.322587,
            8372.586535,
            0.0,
            4782.705726,
            7039.943622,
            10500.554982
        ],
        [
            39939.806386,
            29091.400404,
            43212.690556,
            28106.860324,
            30059.064633,
            44969.129028,
            22452.196321,
            18236.933897,
            20550.93602,
            18961.728594,
            17346.666255,
            22301.229868,
            18366.388831,
            12896.458941,
            11159.417196,
            12183.67898,
            14563.964978,
            21044.279688,
            11823.502538,
            7221.221465,
            2603.929914,
            4967.83383,
            4608.923326,
            15600.049029,
            24971.1413,
            13060.949216,
            4782.705726,
            0.0,
            2493.210714,
            5787.762816
        ],
        [
            41718.884783,
            30483.057575,
            44194.586016,
            28804.470335,
            29697.581969,
            44086.788476,
            24632.838746,
            19850.126949,
            21600.300289,
            19473.740645,
            17105.925072,
            21283.511548,
            20707.420837,
            14849.312159,
            11858.737092,
            12089.225467,
            13567.488036,
            19388.612166,
            14284.658938,
            9662.670134,
            4753.711508,
            5708.547274,
            4544.920477,
            13753.117445,
            27308.859814,
            15404.08681,
            7039.943622,
            2493.210714,
            0.0,
            3494.024954
        ],
        [
            42850.55462,
            31031.541637,
            44002.93086,
            28318.592451,
            27784.871694,
            41499.857352,
            26666.041112,
            20916.482215,
            21750.266553,
            18896.168491,
            15568.474824,
            18690.985437,
            23150.567532,
            16608.568623,
            11891.57238,
            10992.821336,
            11172.749224,
            16174.986467,
            17158.918351,
            12536.414992,
            7441.671541,
            6674.865784,
            4925.883919,
            10427.766331,
            30749.144824,
            18838.185318,
            10500.554982,
            5787.762816,
            3494.024954,
            0.0
        ]
    ],
    "demands": [
        [
            0.0,
            3.23086,
            2.97151,
            2.13026,
            1.12304,
            0.77928,
            1.33813,
            2.27362,
            2.55435,
            0.89358,
            0.80213,
            0.56999,
            0.86846,
            0.8998,
            1.14023,
            0.76006,
            0.81318,
            0.52114,
            1.17012,
            1.74572,
            3.33464,
            0.87678,
            0.70084,
            0.90516,
            0.6908,
            0.98185,
            0.90082,
            0.91172,
            0.61968,
            0.57261
        ],
        [
            12.62112,
            0.0,
            18.79939,
            12.49143,
            6.01378,
            3.44204,
            7.32803,
            14.24976,
            15.67364,
            4.52438,
            4.00865,
            2.41184,
            4.15945,
            4.28128,
            6.42882,
            3.11078,
            4.04554,
            1.80147,
            6.17999,
            10.30341,
            21.0575,
            3.30056,
            2.59317,
            4.52758,
            2.79645,
            5.08111,
            4.7457,
            4.48485,
            2.51319,
            2.74436
        ],
        [
            4.86598,
            7.83319,
            0.0,
            4.90543,
            2.44628,
            1.44909,
            2.9019,
            5.42695,
            6.01045,
            1.78762,
            1.6059,
            1.02041,
            1.68334,
            1.7538,
            2.47885,
            1.43655,
            1.606,
            0.8084,
            2.4226,
            3.96067,
            8.02037,
            1.43275,
            1.12773,
            1.80601,
            1.2016,
            2.01903,
            1.83998,
            1.77352,
            1.03553,
            1.06981
        ],
        [
            3.49564,
            5.50422,
            5.05192,
            0.0,
            5.53936,
            3.18309,
            2.51177,
            3.95729,
            6.90805,
            4.18529,
            3.61147,
            1.92574,
            1.88403,
            1.94986,
            5.86417,
            2.8795,
            3.30953,
            1.45954,
            2.70619,
            4.38117,
            10.27652,
            2.6697,
            2.08605,
            3.56332,
            1.34465,
            2.25521,
            2.25399,
            2.52376,
            1.94261,
            2.17363
        ],
        [
            1.48009,
            2.20743,
            2.0392,
            4.48418,
            0.0,
            2.31334,
            1.2883,
            1.67558,
            3.97158,
            3.02679,
            2.59546,
            1.37879,
            1.14748,
            1.18401,
            4.20114,
            2.10945,
            2.34727,
            1.06558,
            1.61346,
            2.51611,
            6.1155,
            1.93293,
            1.51619,
            2.50754,
            0.86442,
            1.34723,
            1.39059,
            1.65427,
            1.40042,
            1.54559
        ],
        [
            1.3809,
            2.05198,
            1.8969,
            4.17306,
            3.68852,
            0.0,
            1.20729,
            1.55395,
            3.6743,
            2.80055,
            2.40874,
            1.28542,
            1.07409,
            1.11008,
            3.88517,
            1.96207,
            2.17573,
            0.99649,
            1.49971,
            2.32912,
            5.6993,
            1.80694,
            1.41356,
            2.32582,
            0.81006,
            1.25339,
            1.28974,
            1.53666,
            1.29771,
            1.43065
        ],
        [
            2.1311,
            3.25928,
            3.00085,
            2.46457,
            1.47529,
            0.96851,
            0.0,
            2.54289,
            2.80554,
            1.14906,
            1.12024,
            0.97551,
            2.23262,
            2.30361,
            1.58042,
            0.92809,
            1.42876,
            0.79753,
            3.24091,
            5.27793,
            9.51771,
            1.40551,
            1.11271,
            1.70412,
            1.56766,
            2.68441,
            2.3489,
            2.04348,
            1.05024,
            1.05191
        ],
        [
            5.71818,
            9.22067,
            8.43033,
            5.84104,
            2.91592,
            1.72834,
            3.71887,
            0.0,
            7.12499,
            2.13335,
            1.96377,
            1.28137,
            2.4717,
            2.57146,
            3.02882,
            1.57039,
            2.06167,
            0.99896,
            3.63165,
            6.05933,
            12.00262,
            1.79206,
            1.41334,
            2.38202,
            1.69939,
            3.00945,
            2.6933,
            2.47252,
            1.32763,
            1.39633
        ],
        [
            9.91528,
            16.11035,
            14.72217,
            13.70325,
            8.79923,
            4.96644,
            6.16777,
            11.22574,
            0.0,
            6.53644,
            5.70185,
            3.0819,
            3.88457,
            4.0184,
            9.30548,
            4.43788,
            5.34951,
            2.2739,
            5.75589,
            9.64216,
            21.44669,
            4.19026,
            3.2791,
            5.87759,
            2.61723,
            4.74382,
            4.57324,
            4.69048,
            3.10674,
            3.50138
        ],
        [
            1.93042,
            2.96034,
            2.71921,
            6.25018,
            5.53092,
            3.1599,
            1.66051,
            2.16891,
            5.44584,
            0.0,
            3.54814,
            1.80214,
            1.45038,
            1.50937,
            5.78916,
            2.84205,
            3.13934,
            1.36297,
            2.06004,
            3.34674,
            8.51441,
            2.48614,
            1.94275,
            3.379,
            1.03914,
            1.71789,
            1.75955,
            2.11224,
            1.76832,
            2.00428
        ],
        [
            1.23881,
            1.83106,
            1.69083,
            3.53245,
            3.08324,
            1.81997,
            1.12077,
            1.38218,
            3.12907,
            2.32687,
            0.0,
            1.39371,
            1.02122,
            1.05821,
            3.28846,
            1.65973,
            2.24915,
            1.07046,
            1.42587,
            2.23842,
            6.76498,
            1.93733,
            1.51845,
            2.56856,
            0.76786,
            1.19261,
            1.35412,
            1.74865,
            1.40222,
            1.55365
        ],
        [
            0.70992,
            0.95299,
            0.88681,
            1.25645,
            0.97988,
            0.67255,
            0.74955,
            0.7559,
            1.16774,
            0.74789,
            0.9672,
            0.0,
            0.74621,
            0.77616,
            1.15168,
            0.64268,
            1.95149,
            1.05591,
            1.02145,
            1.56888,
            7.61364,
            1.90742,
            1.50051,
            2.58141,
            0.58349,
            0.85092,
            1.26061,
            1.90418,
            1.38312,
            1.53344
        ],
        [
            0.92821,
            1.27325,
            1.18639,
            1.35771,
            0.9889,
            0.70659,
            1.75723,
            1.22172,
            1.35503,
            0.78759,
            0.81208,
            0.84142,
            0.0,
            2.24333,
            1.05295,
            0.6912,
            1.17351,
            0.70032,
            3.14016,
            5.15573,
            9.10294,
            1.2233,
            0.96587,
            1.46002,
            1.51358,
            2.60978,
            2.22169,
            1.86367,
            0.89991,
            0.87964
        ],
        [
            1.75134,
            2.62572,
            2.42048,
            2.7708,
            1.98876,
            1.24458,
            3.68656,
            2.54721,
            2.80791,
            1.50453,
            1.59115,
            1.66228,
            4.68972,
            0.0,
            2.20316,
            1.1516,
            2.44936,
            1.27944,
            6.99554,
            11.73711,
            21.06273,
            2.28564,
            1.81671,
            3.09313,
            3.1203,
            5.74119,
            4.93976,
            4.01827,
            1.78991,
            1.84764
        ],
        [
            2.3424,
            3.65107,
            3.34547,
            7.62098,
            6.71832,
            3.80609,
            2.03244,
            2.67102,
            6.65273,
            4.97217,
            4.36781,
            2.40285,
            1.78218,
            1.8624,
            0.0,
            3.38632,
            4.15396,
            1.78172,
            2.57979,
            4.26901,
            12.10712,
            3.28115,
            2.55999,
            4.59451,
            1.25382,
            2.14911,
            2.32674,
            2.89955,
            2.37436,
            2.72125
        ],
        [
            0.90232,
            1.24232,
            1.15204,
            2.5978,
            2.27649,
            1.38601,
            0.79157,
            0.93396,
            2.20772,
            1.66301,
            1.46512,
            0.79446,
            0.71505,
            0.74075,
            2.28701,
            0.0,
            1.28526,
            0.66816,
            0.95919,
            1.41732,
            3.41379,
            1.1554,
            0.9149,
            1.41137,
            0.58825,
            0.79157,
            0.78221,
            0.94428,
            0.80446,
            0.81686
        ],
        [
            1.25206,
            1.81589,
            1.67482,
            2.65029,
            2.12822,
            1.30687,
            1.29389,
            1.39578,
            2.44014,
            1.57313,
            1.92109,
            2.48735,
            1.27107,
            1.32561,
            2.48808,
            1.20747,
            0.0,
            1.84401,
            1.81015,
            2.93056,
            14.17623,
            3.34061,
            2.64334,
            4.74959,
            0.93519,
            1.50571,
            2.25512,
            3.41121,
            2.47013,
            2.80546
        ],
        [
            0.73344,
            0.98125,
            0.91596,
            1.2598,
            0.98829,
            0.68063,
            0.77301,
            0.79012,
            1.19848,
            0.77978,
            0.98328,
            1.39393,
            0.77111,
            0.80014,
            1.18149,
            0.66155,
            1.96122,
            0.0,
            1.05183,
            1.58879,
            7.48863,
            1.92398,
            1.517,
            2.5701,
            0.61078,
            0.88043,
            1.28895,
            1.92461,
            1.40758,
            1.55362
        ],
        [
            2.1184,
            3.23172,
            2.96951,
            3.33912,
            2.36767,
            1.4692,
            4.5789,
            3.13189,
            3.38961,
            1.77246,
            1.90751,
            2.01847,
            5.84754,
            6.0349,
            2.62531,
            1.35267,
            2.97766,
            1.53524,
            0.0,
            14.72523,
            26.39454,
            2.75776,
            2.18287,
            3.78919,
            3.87337,
            7.18342,
            6.15517,
            4.97861,
            2.15594,
            2.24017
        ],
        [
            4.46692,
            7.12848,
            6.52195,
            7.20886,
            5.07459,
            2.93176,
            10.12279,
            6.94764,
            7.44224,
            3.73933,
            4.07995,
            4.37188,
            13.1298,
            13.49519,
            5.81022,
            2.62372,
            6.6186,
            3.18105,
            19.81293,
            0.0,
            60.13906,
            5.81449,
            4.61223,
            8.415,
            8.52202,
            16.20065,
            13.97853,
            11.19516,
            4.69351,
            5.01327
        ],
        [
            15.71156,
            25.69538,
            23.47121,
            27.02162,
            19.49568,
            10.84769,
            18.721,
            20.40549,
            27.93125,
            14.58005,
            16.30232,
            18.85927,
            20.10929,
            20.65407,
            23.3874,
            9.74616,
            28.65065,
            13.36375,
            30.45369,
            51.53384,
            0.0,
            24.67573,
            19.73662,
            36.63882,
            12.95455,
            24.82304,
            37.88064,
            50.04704,
            20.41302,
            22.03727
        ],
        [
            1.77538,
            2.58831,
            2.39006,
            3.50151,
            2.76681,
            1.72862,
            1.88693,
            2.01351,
            3.29009,
            2.07285,
            2.65805,
            3.73157,
            1.88234,
            1.95932,
            3.35523,
            1.60791,
            5.38455,
            2.76634,
            2.66381,
            4.26904,
            21.29895,
            0.0,
            3.9797,
            7.10038,
            1.38038,
            2.22144,
            3.42039,
            5.17532,
            3.74764,
            4.24298
        ],
        [
            4.57746,
            7.27899,
            6.66165,
            9.32043,
            7.24911,
            4.14201,
            5.01021,
            5.65814,
            9.05836,
            5.40295,
            7.45576,
            11.55808,
            5.1411,
            5.30071,
            9.49203,
            3.74206,
            16.84588,
            8.24012,
            7.67704,
            12.87313,
            68.4152,
            15.11902,
            0.0,
            22.40396,
            3.42158,
            6.29064,
            10.55001,
            16.2104,
            11.56691,
            13.44383
        ],
        [
            1.44154,
            2.12381,
            1.9618,
            2.74659,
            2.14091,
            1.31906,
            1.55157,
            1.66797,
            2.62578,
            1.60772,
            2.16544,
            3.23891,
            1.5633,
            1.62467,
            2.67983,
            1.2241,
            4.65437,
            2.37567,
            2.24031,
            3.63106,
            18.63868,
            4.31058,
            3.43188,
            0.0,
            1.12992,
            1.86169,
            2.95183,
            4.51642,
            3.24778,
            3.70226
        ],
        [
            0.78202,
            1.03048,
            0.96602,
            1.10207,
            0.81375,
            0.61474,
            1.38582,
            0.99335,
            1.10427,
            0.68683,
            0.68618,
            0.70154,
            1.67539,
            1.74012,
            0.85856,
            0.62103,
            0.94498,
            0.60291,
            2.40733,
            3.88538,
            6.81258,
            1.04114,
            0.82158,
            1.16432,
            0.0,
