{
    "p": 4,
    "c": 1,
    "alpha": 0.5,
    "customers": [
        0,
        1,
        2,
        3,
        4,
        5,
        6,
        7,
        8,
        9,
        10,
        11,
        12,
        13,
        14,
        15,
        16,
        17,
        18,
        19,
        20,
        21,
        22,
        23,
        24,
        25,
        26,
        27,
        28,
        29,
        30,
        31,
        32,
        33,
        34,
        35,
        36,
        37,
        38,
        39
    ],
    "distances": [
        [
            0.0,
            19964.305414,
            21206.120541,
            17458.835938,
            25761.779353,
            32657.783847,
            39966.683913,
            50438.616222,
            28597.239209,
            30570.398962,
            31342.49386,
            29779.082403,
            34415.611788,
            37319.11156,
            41041.663415,
            47009.335732,
            33046.69844,
            35926.884383,
            37439.757912,
            39546.674569,
            42250.744703,
            43375.507479,
            46902.940369,
            52198.239435,
            40659.948808,
            40548.448609,
            44221.93637,
            46528.440686,
            46075.33592,
            46541.587025,
            47228.900615,
            53482.622515,
            46697.740418,
            45794.273696,
            47802.492479,
            48230.909742,
            48119.842565,
            51262.39092,
            50669.172574,
            52340.479988
        ],
        [
            19964.305414,
            0.0,
            8223.879793,
            22420.454248,
            13881.279078,
            20706.523852,
            28839.628888,
            43819.531843,
            9568.889025,
            10762.37231,
            12372.664099,
            12867.962753,
            17233.19566,
            20795.128532,
            24734.020953,
            31919.567455,
            13809.421641,
            15966.833615,
            17935.418973,
            20734.778217,
            23565.645683,
            25597.928795,
            29542.80952,
            36087.203876,
            21346.072182,
            20588.382207,
            24257.836112,
            26693.536878,
            26335.014665,
            27023.57239,
            28463.614727,
            36046.294226,
            30185.491946,
            26697.823436,
            28153.074057,
            28267.258354,
            28312.420202,
            31387.340705,
            31033.75087,
            32973.990254
        ],
        [
            21206.120541,
            8223.879793,
            0.0,
            16831.73107,
            5978.976036,
            13256.928326,
            21399.032424,
            35757.81968,
            15710.674623,
            12451.48964,
            11405.066143,
            8682.581398,
            13248.498914,
            16128.50166,
            19910.156566,
            26310.349073,
            19022.280429,
            18544.234431,
            17688.478666,
            18877.587679,
            21418.72265,
            22209.666204,
            25696.85032,
            31208.581735,
            25727.493388,
            22766.395064,
            26049.366606,
            27133.452162,
            26402.927218,
            26402.789905,
            26349.093545,
            32278.609127,
            36600.430596,
            31108.619171,
            31454.151914,
            29751.136206,
            28574.482118,
            31880.053662,
            30627.831437,
            31865.439414
        ],
        [
            17458.835938,
            22420.454248,
            16831.73107,
            0.0,
            17010.05859,
            21156.826003,
            26361.967526,
            33739.281041,
            31685.553976,
            29279.726679,
            27845.136391,
            23974.619162,
            27566.629862,
            29039.388043,
            31848.527275,
            35756.078864,
            35483.968293,
            35368.553699,
            33910.873561,
            34123.953122,
            36202.731478,
            35705.226787,
            38221.997961,
            41495.073401,
            42481.207565,
            39513.204491,
            42670.606589,
            43241.038388,
            42351.643647,
            41954.098164,
            40751.911182,
            44284.36074,
            52566.40676,
            47883.430032,
            48275.432349,
            46218.674078,
            44547.239385,
            47875.229265,
            46135.118018,
            46809.663275
        ],
        [
            25761.779353,
            13881.279078,
            5978.976036,
            17010.05859,
            0.0,
            7359.147286,
            15449.207249,
            29938.288133,
            19747.221881,
            14427.643312,
            11825.206923,
            7302.026998,
            10557.778765,
            12352.274265,
            15674.075317,
            21247.788929,
            22219.832674,
            20083.782532,
            17342.489844,
            17138.055101,
            19197.486373,
            18955.641412,
            21900.073916,
            26514.70593,
            27934.06243,
            23628.808961,
            26405.370125,
            26444.49353,
            25485.37815,
            24977.242804,
            23813.339098,
            28309.742321,
            39988.347445,
            33100.248567,
            32624.344726,
            29681.449417,
            27675.493411,
            30993.505016,
            29140.596369,
            29813.510544
        ],
        [
            32657.783847,
            20706.523852,
            13256.928326,
            21156.826003,
            7359.147286,
            0.0,
            8168.065786,
            23636.164659,
            24841.479267,
            18136.566985,
            14572.236647,
            10026.556477,
            9914.370951,
            9249.20573,
            11030.106225,
            14791.997425,
            26329.892998,
            22629.385217,
            18095.708444,
            16140.464949,
            17229.877243,
            15498.500982,
            17338.275332,
            20424.979466,
            30647.172993,
            25093.26331,
            27063.910356,
            25814.267803,
            24635.268109,
            23509.598547,
            20936.871445,
            23167.716787,
            43654.836775,
            35335.167926,
            33912.863435,
            29619.11763,
            26696.509786,
            29840.611607,
            27316.692688,
            27212.961886
        ],
        [
            39966.683913,
            28839.628888,
            21399.032424,
            26361.967526,
            15449.207249,
            8168.065786,
            0.0,
            16505.299087,
            32271.940431,
            25110.900457,
            21334.438389,
            17356.43579,
            15511.176679,
            12971.888489,
            12035.418004,
            10907.270512,
            33177.838609,
            28640.697651,
            23201.146822,
            20060.428241,
            20013.709302,
            16872.765481,
            16758.129935,
            16562.520188,
            36410.945091,
            30162.916493,
            31341.973398,
            28985.655734,
            27684.218521,
            26027.784632,
            22139.866989,
            20829.364224,
            49825.902889,
            40572.994173,
            38406.174499,
            33087.247814,
            29452.149397,
            32202.211496,
            29123.674995,
            28125.95589
        ],
        [
            50438.616222,
            43819.531843,
            35757.81968,
            33739.281041,
            29938.288133,
            23636.164659,
            16505.299087,
            0.0,
            48443.931816,
            41482.80299,
            37746.06269,
            33528.67284,
            32015.07746,
            29374.032308,
            27755.002626,
            23287.884514,
            49611.482027,
            45143.507925,
            39625.491347,
            36257.291613,
            35786.797183,
            32186.634559,
            30772.161644,
            26946.06402,
            52875.266519,
            46513.439308,
            47410.073297,
            44574.030662,
            43249.308023,
            41355.739367,
            36858.284488,
            32307.369291,
            66321.600875,
            56898.483037,
            54469.309577,
            48725.671849,
            44780.965615,
            47164.213453,
            43819.001731,
            42161.869216
        ],
        [
            28597.239209,
            9568.889025,
            15710.674623,
            31685.553976,
            19747.221881,
            24841.479267,
            32271.940431,
            48443.931816,
            0.0,
            7545.507991,
            11281.157692,
            14936.628375,
            17520.369112,
            21067.8383,
            24580.245225,
            32105.416095,
            4449.497244,
            8927.833465,
            13688.407106,
            17689.740314,
            20345.575944,
            23547.507759,
            27604.585784,
            34970.987241,
            12068.373108,
            13107.960933,
            16745.730978,
            20257.518976,
            20311.211092,
            21650.325255,
            24584.064676,
            33500.151845,
            20960.665397,
            17295.026566,
            19253.728042,
            20727.559612,
            21911.748728,
            24548.513866,
            25090.642579,
            27616.640514
        ],
        [
            30570.398962,
            10762.37231,
            12451.48964,
            29279.726679,
            14427.643312,
            18136.566985,
            25110.900457,
            41482.80299,
            7545.507991,
            0.0,
            3810.032684,
            8130.32202,
            10016.594153,
            13527.640462,
            17047.654753,
            24577.075572,
            8193.349721,
            6094.542745,
            7308.417613,
            10728.506671,
            13533.37815,
            16339.890613,
            20417.177966,
            27635.872579,
            13562.579637,
            10454.727342,
            13944.452717,
            15964.644455,
            15574.142431,
            16301.897042,
            18196.866685,
            26578.30785,
            25734.303416,
            18840.558384,
            19004.250386,
            17851.244986,
            17569.859952,
            20691.991996,
            20275.112913,
            22289.560654
        ],
        [
            31342.49386,
            12372.664099,
            11405.066143,
            27845.136391,
            11825.206923,
            14572.236647,
            21334.438389,
            37746.06269,
            11281.157692,
            3810.032684,
            0.0,
            4791.493264,
            6239.260584,
            9818.407479,
            13473.744718,
            20994.321104,
            11866.5905,
            8350.077345,
            6304.829951,
            8380.609659,
            11200.568327,
            13383.091714,
            17416.101461,
            24380.559527,
            16343.645827,
            11840.930442,
            14832.86392,
            15739.841513,
            15054.892217,
            15254.356766,
            16128.702701,
            23805.77189,
            29096.380666,
            21364.080662,
            20813.866588,
            18404.198632,
            17207.813024,
            20497.72739,
            19440.843344,
            20998.020165
        ],
        [
            29779.082403,
            12867.962753,
            8682.581398,
            23974.619162,
            7302.026998,
            10026.556477,
            17356.43579,
            33528.67284,
            14936.628375,
            8130.32202,
            4791.493264,
            0.0,
            4668.843942,
            7996.15728,
            11935.979859,
            19052.27856,
            16318.644553,
            13134.565583,
            10052.191434,
            10350.130154,
            12778.68241,
            13601.81086,
            17251.208354,
            23342.729543,
            21135.138585,
            16395.382953,
            19104.6184,
            19272.493741,
            18378.767017,
            18081.572057,
            17680.844262,
            23848.009416,
            33796.024365,
            26132.637227,
            25402.15354,
            22401.896033,
            20574.398124,
            23902.979711,
            22299.411508,
            23317.501601
        ],
        [
            34415.611788,
            17233.19566,
            13248.498914,
            27566.629862,
            10557.778765,
            9914.370951,
            15511.176679,
            32015.07746,
            17520.369112,
            10016.594153,
            6239.260584,
            4668.843942,
            0.0,
            3672.218112,
            7543.790384,
            14949.693227,
            17798.479796,
            13157.243741,
            8187.508251,
            6701.823545,
            8641.819127,
            8963.392958,
            12584.552405,
            18854.008276,
            21044.322092,
            15210.385654,
            17176.207547,
            16314.038745,
            15239.294327,
            14511.03152,
            13351.495774,
            19180.463692,
            34352.65207,
            25527.887394,
            23998.495253,
            19915.155473,
            17395.379683,
            20671.121275,
            18626.912566,
            19263.79914
        ],
        [
            37319.11156,
            20795.128532,
            16128.50166,
            29039.388043,
            12352.274265,
            9249.20573,
            12971.888489,
            29374.032308,
            21067.8383,
            13527.640462,
            9818.407479,
            7996.15728,
            3672.218112,
            0.0,
            3943.326516,
            11277.933957,
            21034.067746,
            15921.743131,
            10251.599446,
            7244.147199,
            7987.19999,
            6665.890865,
            9635.774679,
            15346.742497,
            23509.377024,
            17191.065809,
            18518.501233,
            16727.400376,
            15504.067492,
            14276.198024,
            11871.501503,
            16175.932384,
            36999.968655,
            27601.517855,
            25549.241515,
            20665.255177,
            17513.802484,
            20614.182791,
            18072.585282,
            18105.331682
        ],
        [
            41041.663415,
            24734.020953,
            19910.156566,
            31848.527275,
            15674.075317,
            11030.106225,
            12035.418004,
            27755.002626,
            24580.245225,
            17047.654753,
            13473.744718,
            11935.979859,
            7543.790384,
            3943.326516,
            0.0,
            7530.72336,
            24128.829385,
            18594.158175,
            12566.505251,
            8691.125099,
            8058.96303,
            4911.434088,
            6374.54145,
            11412.822907,
            25699.216263,
            19034.824207,
            19661.096289,
            16984.629205,
            15674.288089,
            13993.053272,
            10362.88989,
            12637.814893,
            39253.473341,
            29297.803025,
            26715.348504,
            21110.30035,
            17416.845778,
            20198.601913,
            17217.314139,
            16576.162596
        ],
        [
            47009.335732,
            31919.567455,
            26310.349073,
            35756.078864,
            21247.788929,
            14791.997425,
            10907.270512,
            23287.884514,
            32105.416095,
            24577.075572,
            20994.321104,
            19052.27856,
            14949.693227,
            11277.933957,
            7530.72336,
            0.0,
            31513.38612,
            25788.560897,
            19684.925197,
            15542.534913,
            13989.055836,
            10016.983506,
            7587.504562,
            5807.51709,
            32431.093211,
            25605.32745,
            25531.831435,
            21991.993082,
            20681.449015,
            18595.781864,
            13791.959806,
            9995.914056,
            45907.339183,
            35493.098128,
            32374.466017,
            26095.990654,
            21929.557714,
            24039.275359,
            20623.807869,
            18874.021954
        ],
        [
            33046.69844,
            13809.421641,
            19022.280429,
            35483.968293,
            22219.832674,
            26329.892998,
            33177.838609,
            49611.482027,
            4449.497244,
            8193.349721,
            11866.5905,
            16318.644553,
            17798.479796,
            21034.067746,
            24128.829385,
            31513.38612,
            0.0,
            6172.182017,
            12041.710082,
            16269.279445,
            18626.112335,
            22230.670513,
            26159.708703,
            33690.691957,
            7624.790049,
            9461.574163,
            12904.486639,
            16850.759406,
            17115.812897,
            18737.069928,
            22306.974392,
            31586.422989,
            17775.941332,
            12903.449847,
            14826.280251,
            16770.245147,
            18468.608448,
            20834.399762,
            21781.951929,
            24523.433787
        ],
        [
            35926.884383,
            15966.833615,
            18544.234431,
            35368.553699,
            20083.782532,
            22629.385217,
            28640.697651,
            45143.507925,
            8927.833465,
            6094.542745,
            8350.077345,
            13134.565583,
            13157.243741,
            15921.743131,
            18594.158175,
            25788.560897,
            6172.182017,
            0.0,
            6107.521975,
            10314.611085,
            12519.638298,
            16231.767136,
            20086.749515,
            27639.257775,
            8033.348097,
            4621.697909,
            8305.412813,
            11360.880565,
            11383.437339,
            12782.541604,
            16143.490969,
            25416.927222,
            21195.579009,
            13025.212908,
            12910.078868,
            12332.043652,
            13019.226112,
            15790.490772,
            16164.678747,
            18708.826428
        ],
        [
            37439.757912,
            17935.418973,
            17688.478666,
            33910.873561,
            17342.489844,
            18095.708444,
            23201.146822,
            39625.491347,
            13688.407106,
            7308.417613,
            6304.829951,
            10052.191434,
            8187.508251,
            10251.599446,
            12566.505251,
            19684.925197,
            12041.710082,
            6107.521975,
            0.0,
            4232.444238,
            6683.561492,
            10189.453888,
            14135.007816,
            21651.672411,
            13273.340694,
            7044.995662,
            9150.491875,
            9445.123164,
            8754.90294,
            9117.678988,
            10997.358379,
            19822.239356,
            26800.82993,
            17428.008204,
            15828.659097,
            12352.003671,
            10903.030864,
            14195.50611,
            13231.957525,
            15038.643455
        ],
        [
            39546.674569,
            20734.778217,
            18877.587679,
            34123.953122,
            17138.055101,
            16140.464949,
            20060.428241,
            36257.291613,
            17689.740314,
            10728.506671,
            8380.609659,
            10350.130154,
            6701.823545,
            7244.147199,
            8691.125099,
            15542.534913,
            16269.279445,
            10314.611085,
            4232.444238,
            0.0,
            2840.557163,
            5963.521015,
            9951.967684,
            17436.969497,
            17028.450109,
            10346.21855,
            11296.920191,
            9696.456802,
            8569.124545,
            7840.098858,
            7750.857991,
            15874.529964,
            30577.327871,
            20658.808472,
            18351.056709,
            13492.223841,
            10705.766311,
            13970.584015,
            12012.108649,
            12990.662128
        ],
        [
            42250.744703,
            23565.645683,
            21418.72265,
            36202.731478,
            19197.486373,
            17229.877243,
            20013.709302,
            35786.797183,
            20345.575944,
            13533.37815,
            11200.568327,
            12778.68241,
            8641.819127,
            7987.19999,
            8058.96303,
            13989.055836,
            18626.112335,
            12519.638298,
            6683.561492,
            2840.557163,
            0.0,
            3978.14739,
            7579.042892,
            15138.511742,
            18492.956782,
            11641.931503,
            11709.304233,
            8979.66634,
            7691.891916,
            6292.570543,
            4979.440854,
            13155.342522,
            31925.413028,
            21556.3708,
            18720.633911,
            13074.276169,
            9589.956207,
            12632.57133,
            10151.10319,
            10624.758127
        ],
        [
            43375.507479,
            25597.928795,
            22209.666204,
            35705.226787,
            18955.641412,
            15498.500982,
            16872.765481,
            32186.634559,
            23547.507759,
            16339.890613,
            13383.091714,
            13601.81086,
            8963.392958,
            6665.890865,
            4911.434088,
            10016.983506,
            22230.670513,
            16231.767136,
            10189.453888,
            5963.521015,
            3978.14739,
            0.0,
            4077.343439,
            11477.407068,
            22463.903206,
            15617.32314,
            15575.091592,
            12388.135503,
            11063.059744,
            9219.172456,
            5496.729083,
            10448.894818,
            35903.433421,
            25492.732194,
            22514.119477,
            16540.187751,
            12657.509823,
            15329.52277,
            12306.682375,
            11762.067335
        ],
        [
            46902.940369,
            29542.80952,
            25696.85032,
            38221.997961,
            21900.073916,
            17338.275332,
            16758.129935,
            30772.161644,
            27604.585784,
            20417.177966,
            17416.101461,
            17251.208354,
            12584.552405,
            9635.774679,
            6374.54145,
            7587.504562,
            26159.708703,
            20086.749515,
            14135.007816,
            9951.967684,
            7579.042892,
            4077.343439,
            0.0,
            7559.544613,
            25856.088132,
            19005.129809,
            18396.370383,
            14558.506368,
            13271.682071,
            11115.660628,
            6215.532816,
            6597.580235,
            39112.923178,
            28418.575364,
            25047.67433,
            18608.997994,
            14387.056929,
            16454.971282,
            13057.777703,
            11519.058339
        ],
        [
            52198.239435,
            36087.203876,
            31208.581735,
            41495.073401,
            26514.70593,
            20424.979466,
            16562.520188,
            26946.06402,
            34970.987241,
            27635.872579,
            24380.559527,
            23342.729543,
            18854.008276,
            15346.742497,
            11412.822907,
            5807.51709,
            33690.691957,
            27639.257775,
            21651.672411,
            17436.969497,
            15138.511742,
            11477.407068,
            7559.544613,
            0.0,
            33304.257108,
            26477.283591,
            25579.655364,
            21402.956616,
            20196.014702,
            17953.262244,
            12933.039044,
            5404.261242,
            46417.640029,
            35568.347612,
            31924.391079,
            25231.790076,
            20904.339793,
            22299.364362,
            18793.617291,
            16366.689888
        ],
        [
            40659.948808,
            21346.072182,
            25727.493388,
            42481.207565,
            27934.06243,
            30647.172993,
            36410.945091,
            52875.266519,
            12068.373108,
            13562.579637,
            16343.645827,
            21135.138585,
            21044.322092,
            23509.377024,
            25699.216263,
            32431.093211,
            7624.790049,
            8033.348097,
            13273.340694,
            17028.450109,
            18492.956782,
            22463.903206,
            25856.088132,
            33304.257108,
            0.0,
            6859.48854,
            8430.405826,
            13094.930256,
            13900.349447,
            16027.208055,
            20659.923492,
            30094.50625,
            13554.819735,
            5416.192179,
            7446.538897,
            11309.173558,
            14418.613327,
            15815.290147,
            17795.159959,
            20882.070458
        ],
        [
            40548.448609,
            20588.382207,
            22766.395064,
            39513.204491,
            23628.808961,
            25093.26331,
            30162.916493,
            46513.439308,
            13107.960933,
            10454.727342,
            11840.930442,
            16395.382953,
            15210.385654,
            17191.065809,
            19034.824207,
            25605.32745,
            9461.574163,
            4621.697909,
            7044.995662,
            10346.21855,
            11641.931503,
            15617.32314,
            19005.129809,
            26477.283591,
            6859.48854,
            0.0,
            3704.661644,
            7411.506398,
            7809.96877,
            9683.417859,
            13984.890248,
            23456.438355,
            20307.846027,
            10411.405152,
            9006.981148,
            7737.752669,
            9012.956898,
            11450.298047,
            12354.514973,
            15193.516182
        ],
        [
            44221.93637,
            24257.836112,
            26049.366606,
            42670.606589,
            26405.370125,
            27063.910356,
            31341.973398,
            47410.073297,
            16745.730978,
            13944.452717,
            14832.86392,
            19104.6184,
            17176.207547,
            18518.501233,
            19661.096289,
            25531.831435,
            12904.486639,
            8305.412813,
            9150.491875,
            11296.920191,
            11709.304233,
            15575.091592,
            18396.370383,
            25579.655364,
            8430.405826,
            3704.661644,
            0.0,
            4668.769255,
            5569.744814,
            7784.706025,
            12679.623503,
            21946.070229,
            20861.050744,
            10022.635295,
            7069.112419,
            4033.18328,
            6017.56031,
            7944.274804,
            9417.776795,
            12468.513224
        ],
        [
            46528.440686,
            26693.536878,
            27133.452162,
            43241.038388,
            26444.49353,
            25814.267803,
            28985.655734,
            44574.030662,
            20257.518976,
            15964.644455,
            15739.841513,
            19272.493741,
            16314.038745,
            16727.400376,
            16984.629205,
            21991.993082,
            16850.759406,
            11360.880565,
            9445.123164,
            9696.456802,
            8979.66634,
            12388.135503,
            14558.506368,
            21402.956616,
            13094.930256,
            7411.506398,
            4668.769255,
            0.0,
            1325.595567,
            3464.440739,
            8494.630795,
            17463.02019,
            25287.767869,
            14267.843979,
            10534.33894,
            4152.119787,
            1658.977553,
            4771.327554,
            4943.79984,
            7867.372422
        ],
        [
            46075.33592,
            26335.014665,
            26402.927218,
            42351.643647,
            25485.37815,
            24635.268109,
            27684.218521,
            43249.308023,
            20311.211092,
            15574.142431,
            15054.892217,
            18378.767017,
            15239.294327,
            15504.067492,
            15674.288089,
            20681.449015,
            17115.812897,
            11383.437339,
            8754.90294,
            8569.124545,
            7691.891916,
            11063.059744,
            13271.682071,
            20196.014702,
            13900.349447,
            7809.96877,
            5569.744814,
            1325.595567,
            0.0,
            2250.946733,
            7265.80864,
            16390.035806,
            26370.071595,
            15401.750924,
            11787.163727,
            5477.51691,
            2195.643691,
            5524.313935,
            4798.971741,
            7409.964293
        ],
        [
            46541.587025,
            27023.57239,
            26402.789905,
            41954.098164,
            24977.242804,
            23509.598547,
            26027.784632,
            41355.739367,
            21650.325255,
            16301.897042,
            15254.356766,
            18081.572057,
            14511.03152,
            14276.198024,
            13993.053272,
            18595.781864,
            18737.069928,
            12782.541604,
            9117.678988,
            7840.098858,
            6292.570543,
            9219.172456,
            11115.660628,
            17953.262244,
            16027.208055,
            9683.417859,
            7784.706025,
            3464.440739,
            2250.946733,
            0.0,
            5032.052542,
            14161.364603,
            28614.267675,
            17652.695143,
            13998.026056,
            7502.03885,
            3438.338677,
            6340.04776,
            4227.649146,
            6023.728442
        ],
        [
            47228.900615,
            28463.614727,
            26349.093545,
            40751.911182,
            23813.339098,
            20936.871445,
            22139.866989,
            36858.284488,
            24584.064676,
            18196.866685,
            16128.702701,
            17680.844262,
            13351.495774,
            11871.501503,
            10362.88989,
            13791.959806,
            22306.974392,
            16143.490969,
            10997.358379,
            7750.857991,
            4979.440854,
            5496.729083,
            6215.532816,
            12933.039044,
            20659.923492,
            13984.890248,
            12679.623503,
            8494.630795,
            7265.80864,
            5032.052542,
            0.0,
            9472.148904,
            33540.098197,
            22640.659255,
            19028.9664,
            12452.537666,
            8187.523173,
            10305.935185,
            7021.369002,
            6278.399227
        ],
        [
            53482.622515,
            36046.294226,
            32278.609127,
            44284.36074,
            28309.742321,
            23167.716787,
            20829.364224,
            32307.369291,
            33500.151845,
            26578.30785,
            23805.77189,
            23848.009416,
            19180.463692,
            16175.932384,
            12637.814893,
            9995.914056,
            31586.422989,
            25416.927222,
            19822.239356,
            15874.529964,
            13155.342522,
            10448.894818,
            6597.580235,
            5404.261242,
            30094.50625,
            23456.438355,
            21946.070229,
            17463.02019,
            16390.035806,
            14161.364603,
            9472.148904,
            0.0,
            42747.417863,
            31725.525834,
            27788.898615,
            20971.753493,
            16679.73265,
            17584.952694,
            14134.317467,
            11411.298868
        ],
        [
            46697.740418,
            30185.491946,
            36600.430596,
            52566.40676,
            39988.347445,
            43654.836775,
            49825.902889,
            66321.600875,
            20960.665397,
            25734.303416,
            29096.380666,
            33796.024365,
            34352.65207,
            36999.968655,
            39253.473341,
            45907.339183,
            17775.941332,
            21195.579009,
            26800.82993,
            30577.327871,
            31925.413028,
            35903.433421,
            39112.923178,
            46417.640029,
            13554.819735,
            20307.846027,
            20861.050744,
            25287.767869,
            26370.071595,
            28614.267675,
            33540.098197,
            42747.417863,
            0.0,
            11083.501857,
            15429.398687,
            22126.585782,
            26206.224831,
            26365.346671,
            29253.527278,
            32389.593768
        ],
        [
            45794.273696,
            26697.823436,
            31108.619171,
            47883.430032,
            33100.248567,
            35335.167926,
            40572.994173,
            56898.483037,
            17295.026566,
            18840.558384,
            21364.080662,
            26132.637227,
            25527.887394,
            27601.517855,
            29297.803025,
            35493.098128,
            12903.449847,
            13025.212908,
            17428.008204,
            20658.808472,
            21556.3708,
            25492.732194,
            28418.575364,
            35568.347612,
            5416.192179,
            10411.405152,
            10022.635295,
            14267.843979,
            15401.750924,
            17652.695143,
            22640.659255,
            31725.525834,
            11083.501857,
            0.0,
            4568.824383,
            11055.522861,
            15129.574283,
            15376.828136,
            18177.118481,
            21318.230506
        ],
        [
            47802.492479,
            28153.074057,
            31454.151914,
            48275.432349,
            32624.344726,
            33912.863435,
            38406.174499,
            54469.309577,
            19253.728042,
            19004.250386,
            20813.866588,
            25402.15354,
            23998.495253,
            25549.241515,
            26715.348504,
            32374.466017,
            14826.280251,
            12910.078868,
            15828.659097,
            18351.056709,
            18720.633911,
            22514.119477,
            25047.67433,
            31924.391079,
            7446.538897,
            9006.981148,
            7069.112419,
            10534.33894,
            11787.163727,
            13998.026056,
            19028.9664,
            27788.898615,
            15429.398687,
            4568.824383,
            0.0,
            6836.651686,
            11110.849517,
            10937.133936,
            13927.268602,
            17031.973133
        ],
        [
            48230.909742,
            28267.258354,
            29751.136206,
            46218.674078,
            29681.449417,
            29619.11763,
            33087.247814,
            48725.671849,
            20727.559612,
            17851.244986,
            18404.198632,
            22401.896033,
            19915.155473,
            20665.255177,
            21110.30035,
            26095.990654,
            16770.245147,
            12332.043652,
            12352.003671,
            13492.223841,
            13074.276169,
            16540.187751,
            18608.997994,
            25231.790076,
            11309.173558,
            7737.752669,
            4033.18328,
            4152.119787,
            5477.51691,
            7502.03885,
            12452.537666,
            20971.753493,
            22126.585782,
            11055.522861,
            6836.651686,
            0.0,
            4329.420784,
            4531.799368,
            7128.208171,
            10263.710363
        ],
        [
            48119.842565,
            28312.420202,
            28574.482118,
            44547.239385,
            27675.493411,
            26696.509786,
            29452.149397,
            44780.965615,
            21911.748728,
            17569.859952,
            17207.813024,
            20574.398124,
            17395.379683,
            17513.802484,
            17416.845778,
            21929.557714,
            18468.608448,
            13019.226112,
            10903.030864,
            10705.766311,
            9589.956207,
            12657.509823,
            14387.056929,
            20904.339793,
            14418.613327,
            9012.956898,
            6017.56031,
            1658.977553,
            2195.643691,
            3438.338677,
            8187.523173,
            16679.73265,
            26206.224831,
            15129.574283,
            11110.849517,
            4329.420784,
            0.0,
            3328.870595,
            3405.466673,
            6464.041383
        ],
        [
            51262.39092,
            31387.340705,
            31880.053662,
            47875.229265,
            30993.505016,
            29840.611607,
            32202.211496,
            47164.213453,
            24548.513866,
            20691.991996,
            20497.72739,
            23902.979711,
            20671.121275,
            20614.182791,
            20198.601913,
            24039.275359,
            20834.399762,
            15790.490772,
            14195.50611,
            13970.584015,
            12632.57133,
            15329.52277,
            16454.971282,
            22299.364362,
            15815.290147,
            11450.298047,
            7944.274804,
            4771.327554,
            5524.313935,
            6340.04776,
            10305.935185,
            17584.952694,
            26365.346671,
            15376.828136,
            10937.133936,
            4531.799368,
            3328.870595,
