{
    "p": 4,
    "c": 1,
    "alpha": 0.5,
    "customers": [
        0,
        1,
        2,
        3,
        4,
        5,
        6,
        7,
        8,
        9,
        10,
        11,
        12,
        13,
        14,
        15,
        16,
        17,
        18,
        19,
        20,
        21,
        22,
        23,
        24,
        25,
        26,
        27,
        28,
        29,
        30,
        31,
        32,
        33,
        34,
        35,
        36,
        37,
        38,
        39,
        40,
        41,
        42,
        43,
        44,
        45,
        46,
        47,
        48,
        49
    ],
    "distances": [
        [
            0.0,
            21328.859733,
            22164.818026,
            19862.078484,
            17496.54786,
            25716.08283,
            29884.790522,
            37743.36928,
            44418.344339,
            50913.05627,
            29998.503877,
            30589.515518,
            32761.682856,
            30373.95412,
            32504.87469,
            35483.612005,
            36075.716008,
            40722.99509,
            43321.398164,
            50747.248295,
            33860.627759,
            35709.569373,
            37077.772599,
            40020.170233,
            40345.933316,
            42871.471625,
            43861.225738,
            45484.005241,
            48877.01375,
            53365.663389,
            42329.318261,
            41402.103347,
            43376.003071,
            45815.424201,
            47707.142494,
            47094.641715,
            46561.303938,
            47996.012538,
            48508.529993,
            54489.924132,
            47996.005234,
            47689.434192,
            47077.185968,
            48603.024937,
            49998.348617,
            49100.612845,
            51976.220252,
            50120.247027,
            52543.46482,
            53390.782793
        ],
        [
            21328.859733,
            0.0,
            7483.333448,
            11748.194055,
            21620.105658,
            11095.414022,
            18559.703559,
            25462.65369,
            35245.647605,
            44539.569256,
            9695.619991,
            9297.303643,
            12015.480518,
            12211.257264,
            14594.870133,
            17248.214828,
            19877.930799,
            23340.986626,
            27011.656014,
            35433.769614,
            13282.422797,
            14530.500414,
            15861.070161,
            19530.684313,
            20776.637669,
            23082.024423,
            24931.520063,
            26967.022883,
            31075.026726,
            36719.39234,
            21656.925149,
            20073.788869,
            22061.733417,
            24531.424575,
            26651.199699,
            26158.614388,
            25967.389714,
            27356.446041,
            29034.140453,
            36326.612903,
            30177.142218,
            28354.086164,
            26166.043465,
            27340.751478,
            28756.384694,
            28087.550319,
            30851.361982,
            29284.7199,
            31767.627645,
            32994.899198
        ],
        [
            22164.818026,
            7483.333448,
            0.0,
            5346.266763,
            16426.584044,
            4212.626179,
            11277.620984,
            18653.041038,
            28047.012274,
            37147.188754,
            15303.599126,
            11670.557465,
            11930.643318,
            8225.498864,
            10347.576745,
            13326.833517,
            14474.392749,
            18802.505792,
            21862.910492,
            29934.896237,
            18058.816568,
            17901.972361,
            16880.041608,
            18401.399277,
            18262.177152,
            20814.788315,
            21697.496874,
            23360.319057,
            26936.305979,
            31908.454029,
            25586.866076,
            21779.86676,
            23364.954452,
            25452.618614,
            26559.815874,
            25759.720002,
            24859.213302,
            26306.011917,
            26356.400321,
            32492.590338,
            35994.913634,
            33346.862397,
            29444.441854,
            29521.83541,
            29294.399508,
            27840.804148,
            30875.192399,
            28588.965611,
            30908.562127,
            31463.886888
        ],
        [
            19862.078484,
            11748.194055,
            5346.266763,
            0.0,
            11134.868597,
            6605.717772,
            10261.351588,
            18211.174029,
            26322.595309,
            34603.710703,
            20475.291223,
            17004.828023,
            16946.453658,
            12171.463926,
            13776.140986,
            16618.490084,
            16387.287704,
            21184.871151,
            23509.495718,
            30905.811188,
            23368.270345,
            23239.21363,
            21950.188034,
            22798.16411,
            22035.76905,
            24598.843953,
            24885.601228,
            26228.28383,
            29275.116807,
            33523.914179,
            30927.959829,
            26893.883329,
            28373.219226,
            30335.935807,
            31113.127317,
            30218.092968,
            29056.012758,
            30492.147748,
            29717.471081,
            34913.671053,
            41220.966046,
            38676.011878,
            34732.91809,
            34649.367058,
            34012.420574,
            32315.02749,
            35399.082284,
            32875.401318,
            35084.701933,
            35320.93894
        ],
        [
            17496.54786,
            21620.105658,
            16426.584044,
            11134.868597,
            0.0,
            17191.898352,
            16806.842747,
            23470.638473,
            27961.16327,
            33569.409262,
            31050.866537,
            28092.562132,
            28032.838472,
            22835.247709,
            24017.370733,
            26565.300405,
            25038.686813,
            29919.46166,
            31163.146046,
            37064.332557,
            34214.395356,
            34317.278358,
            33042.190409,
            33447.439517,
            32165.780856,
            34664.190776,
            34323.681025,
            35248.026131,
            37500.171773,
            40534.586922,
            41989.523008,
            37995.82907,
            39419.333729,
            41295.043784,
            41800.728893,
            40828.174298,
            39434.126541,
            40839.653317,
            39191.511472,
            43032.021338,
            51752.097516,
            49545.266878,
            45861.551929,
            45749.776329,
            44825.354191,
            42920.561825,
            46027.70425,
            43293.795739,
            45365.254412,
            45248.134811
        ],
        [
            25716.08283,
            11095.414022,
            4212.626179,
            6605.717772,
            17191.898352,
            0.0,
            7510.921737,
            14516.004717,
            24150.701156,
            33512.183373,
            17234.356896,
            12323.8141,
            11147.223604,
            5657.09542,
            7174.156817,
            10050.71383,
            10456.410448,
            15008.02922,
            17822.747088,
            25781.147862,
            19316.334473,
            18364.704992,
            16103.026592,
            16303.873909,
            15430.284894,
            17994.05019,
            18383.975669,
            19845.624565,
            23163.892788,
            27894.783163,
            25978.909109,
            21051.816379,
            22333.954285,
            24125.061987,
            24650.510504,
            23715.112584,
            22478.450488,
            23910.322534,
            23181.970551,
            28773.841571,
            37407.890589,
            34214.696808,
            29324.560983,
            28762.98617,
            27638.253682,
            25812.289765,
            28909.73606,
            26310.798762,
            28496.079038,
            28716.995157
        ],
        [
            29884.790522,
            18559.703559,
            11277.620984,
            10261.351588,
            16806.842747,
            7510.921737,
            0.0,
            7949.876003,
            16770.672795,
            26002.58559,
            24317.886568,
            18811.808602,
            16479.400718,
            10229.49993,
            9857.909401,
            11348.291687,
            8536.723397,
            13275.401312,
            14382.361353,
            20971.144521,
            25914.534369,
            24331.734555,
            20874.617909,
            19038.351624,
            16731.051658,
            18990.36954,
            17982.842297,
            18630.19613,
            20693.426807,
            24014.877473,
            31588.005177,
            25526.912916,
            26309.921861,
            27546.387823,
            27036.983523,
            25901.597691,
            24068.603179,
            25369.938837,
            22768.690659,
            26233.614268,
            43820.51398,
            40145.523356,
            34242.28135,
            32841.594787,
            30330.609723,
            27906.564778,
            30973.967901,
            27876.21482,
            29664.510619,
            29106.881112
        ],
        [
            37743.36928,
            25462.65369,
            18653.041038,
            18211.174029,
            23470.638473,
            14516.004717,
            7949.876003,
            0.0,
            10379.244234,
            20452.960917,
            29460.34723,
            23398.450328,
            20075.268414,
            14661.389239,
            13017.16328,
            12589.838101,
            8092.801582,
            10441.986938,
            9112.868704,
            13593.723048,
            30195.072183,
            27843.818343,
            23307.365698,
            19593.483938,
            16252.354117,
            17737.908418,
            15417.862076,
            15055.26897,
            15483.408131,
            17227.254839,
            34236.728801,
            27182.774317,
            27341.023596,
            27863.166294,
            26269.743616,
            25021.028088,
            22738.395683,
            23767.220867,
            19472.061936,
            20506.859139,
            47255.769414,
            42932.138406,
            35894.887618,
            33559.94761,
            29645.980535,
            26754.254506,
            29568.865838,
            26163.60276,
            27399.904502,
            26073.916006
        ],
        [
            44418.344339,
            35245.647605,
            28047.012274,
            26322.595309,
            27961.16327,
            24150.701156,
            16770.672795,
            10379.244234,
            0.0,
            10159.936878,
            39815.477425,
            33774.536526,
            30434.540878,
            25005.654254,
            23395.401293,
            22792.236406,
            18289.590105,
            19350.082039,
            16298.972369,
            14894.825528,
            40565.341106,
            38147.04048,
            33456.168041,
            29267.97321,
            25688.323786,
            26658.917012,
            23724.248742,
            22585.950512,
            21068.413597,
            19441.053982,
            44303.264467,
            37031.860993,
            36943.21541,
            37114.766396,
            34960.837558,
            33699.578847,
            31250.754224,
            32025.55107,
            26681.529618,
            24421.027914,
            57451.239125,
            52971.199584,
            45592.141064,
            42866.907009,
            38250.460798,
            35167.183177,
            37668.837511,
            34198.634878,
            34913.584768,
            32958.660372
        ],
        [
            50913.05627,
            44539.569256,
            37147.188754,
            34603.710703,
            33569.409262,
            33512.183373,
            26002.58559,
            20452.960917,
            10159.936878,
            0.0,
            49739.061664,
            43772.435336,
            40527.197775,
            34947.116484,
            33449.499528,
            32944.573367,
            28438.071143,
            29382.144272,
            26063.854737,
            22653.768104,
            50637.034599,
            48281.341474,
            43615.876399,
            39376.680041,
            35763.779793,
            36601.540447,
            33534.929219,
            32186.613014,
            30033.037885,
            26956.158597,
            54458.867988,
            47159.505786,
            47015.126452,
            47083.522583,
            44748.826976,
            43494.502142,
            41012.125871,
            41683.473979,
            36041.508176,
            32365.691795,
            67610.4884,
            63121.634751,
            55672.830833,
            52831.498403,
            47977.031442,
            44846.949168,
            47190.791133,
            43737.663307,
            44215.513062,
            42010.733528
        ],
        [
            29998.503877,
            9695.619991,
            15303.599126,
            20475.291223,
            31050.866537,
            17234.356896,
            24317.886568,
            29460.34723,
            39815.477425,
            49739.061664,
            0.0,
            6200.383716,
            10118.637853,
            14810.417659,
            16554.586957,
            18009.670557,
            22081.939833,
            23754.674385,
            27894.890176,
            36249.81145,
            3870.182819,
            6523.990057,
            10641.227473,
            16107.781323,
            18883.603004,
            20449.536536,
            23308.600103,
            25601.312627,
            30062.778814,
            36331.588828,
            12331.869447,
            12990.85571,
            15162.541946,
            17775.943397,
            20834.022029,
            20756.082267,
            21450.746513,
            22613.876509,
            26189.357927,
            34498.364733,
            20755.901665,
            18660.593323,
            17103.940028,
            19094.189759,
            22048.617681,
            22314.639227,
            24555.260912,
            23932.220551,
            26412.31167,
            28356.170794
        ],
        [
            30589.515518,
            9297.303643,
            11670.557465,
            17004.828023,
            28092.562132,
            12323.8141,
            18811.808602,
            23398.450328,
            33774.536526,
            43772.435336,
            6200.383716,
            0.0,
            4040.016534,
            8854.637322,
            10415.457306,
            11816.595421,
            15896.006427,
            17640.619837,
            21757.715054,
            30162.155123,
            7104.48524,
            6235.024973,
            6592.529406,
            10997.745932,
            13204.001114,
            15089.592941,
            17635.408563,
            19885.147157,
            24299.242875,
            30461.832142,
            13927.655099,
            10856.173342,
            12788.301238,
            15236.473309,
            17437.404709,
            17027.593229,
            17108.667422,
            18436.33083,
            21024.846632,
            29027.190613,
            25126.412504,
            21924.999137,
            17834.127947,
            18355.709371,
            19460.194987,
            18893.209326,
            21589.982274,
            20198.165936,
            22701.442062,
            24174.848244
        ],
        [
            32761.682856,
            12015.480518,
            11930.643318,
            16946.453658,
            28032.838472,
            11147.223604,
            16479.400718,
            20075.268414,
            30434.540878,
            40527.197775,
            10118.637853,
            4040.016534,
            0.0,
            6262.334069,
            7119.550531,
            7974.036391,
            12268.820783,
            13639.350315,
            17776.276361,
            26148.45722,
            10143.59833,
            7921.076728,
            5009.448562,
            7519.371208,
            9260.430713,
            11303.646912,
            13666.809058,
            15893.641529,
            20286.548749,
            26426.220293,
            15136.609592,
            9966.269498,
            11444.318802,
            13536.400552,
            14967.65499,
            14333.345406,
            13965.898429,
            15368.326147,
            17281.510473,
            25102.168324,
            27480.718113,
            23666.277819,
            18197.08067,
            17717.533731,
            17477.94707,
            16343.917312,
            19264.230535,
            17385.675897,
            19839.912025,
            20980.358594
        ],
        [
            30373.95412,
            12211.257264,
            8225.498864,
            12171.463926,
            22835.247709,
            5657.09542,
            10229.49993,
            14661.389239,
            25005.654254,
            34947.116484,
            14810.417659,
            8854.637322,
            6262.334069,
            0.0,
            2393.368271,
            5248.194669,
            7812.894533,
            11183.420586,
            14802.448639,
            23244.735859,
            15873.899391,
            14106.362036,
            10898.497543,
            10649.962451,
            10057.993807,
            12620.779614,
            13523.116496,
            15293.963846,
            19122.543133,
            24555.632259,
            21396.288381,
            15757.74326,
            16872.636061,
            18546.915572,
            18993.808602,
            18065.678538,
            16895.118471,
            18335.046476,
            18135.572296,
            24563.785672,
            33626.162163,
            29921.0439,
            24293.045173,
            23370.363437,
            21990.148365,
            20163.179181,
            23257.390392,
            20705.61212,
            22934.820684,
            23315.05975
        ],
        [
            32504.87469,
            14594.870133,
            10347.576745,
            13776.140986,
            24017.370733,
            7174.156817,
            9857.909401,
            13017.16328,
            23395.401293,
            33449.499528,
            16554.586957,
            10415.457306,
            7119.550531,
            2393.368271,
            0.0,
            2979.370893,
            5621.07003,
            8792.124019,
            12430.81237,
            20891.285994,
            17187.889588,
            15010.763496,
            11070.407316,
            9564.865535,
            8265.076939,
            10824.254332,
            11360.093715,
            13026.771412,
            16766.282648,
            22162.37567,
            21924.494136,
            15669.021059,
            16498.325644,
            17889.084685,
            17869.531287,
            16848.222121,
            15424.742126,
            16840.024898,
            16080.84258,
            22242.167443,
            34558.270003,
            30570.486512,
            24394.938922,
            23037.601927,
            21017.417436,
            18931.679069,
            22041.628883,
            19280.691211,
            21398.345649,
            21544.925681
        ],
        [
            35483.612005,
            17248.214828,
            13326.833517,
            16618.490084,
            26565.300405,
            10050.71383,
            11348.291687,
            12589.838101,
            22792.236406,
            32944.573367,
            18009.670557,
            11816.595421,
            7974.036391,
            5248.194669,
            2979.370893,
            0.0,
            4510.130399,
            6137.257615,
            10074.614915,
            18561.385844,
            18035.968241,
            15386.432859,
            10717.754818,
            7722.693988,
            5610.305519,
            8101.301876,
            8386.048093,
            10059.651919,
            13895.276203,
            19485.324591,
            21656.544611,
            14780.910972,
            15239.321524,
            16263.16179,
            15721.493203,
            14615.87418,
            12951.040477,
            14324.800864,
            13137.897496,
            19315.791673,
            34680.687203,
            30354.042255,
            23562.246098,
            21705.37695,
            18991.189654,
            16656.875672,
            19752.310198,
            16809.371011,
            18808.834345,
            18763.433147
        ],
        [
            36075.716008,
            19877.930799,
            14474.392749,
            16387.287704,
            25038.686813,
            10456.410448,
            8536.723397,
            8092.801582,
            18289.590105,
            28438.071143,
            22081.939833,
            15896.006427,
            12268.820783,
            7812.894533,
            5621.07003,
            4510.130399,
            0.0,
            4905.081629,
            7388.524605,
            15607.351016,
            22404.906625,
            19864.992128,
            15220.123049,
            11705.930001,
            8700.84452,
            10692.711007,
            9446.123728,
            10209.432285,
            12891.0008,
            17445.942075,
            26143.971182,
            19139.792821,
            19418.214545,
            20165.742589,
            19057.520298,
            17858.752107,
            15827.578122,
            17056.643735,
            14246.781656,
            18530.270496,
            39190.776285,
            34839.362966,
            27889.409394,
            25769.351766,
            22421.848907,
            19774.255394,
            22775.438662,
            19554.654318,
            21223.53373,
            20574.038794
        ],
        [
            40722.99509,
            23340.986626,
            18802.505792,
            21184.871151,
            29919.46166,
            15008.02922,
            13275.401312,
            10441.986938,
            19350.082039,
            29382.144272,
            23754.674385,
            17640.619837,
            13639.350315,
            11183.420586,
            8792.124019,
            6137.257615,
            4905.081629,
            0.0,
            4165.074771,
            12526.617813,
            23276.367756,
            20228.510128,
            15024.938725,
            10096.406774,
            6412.456581,
            7387.268907,
            5049.444668,
            5354.960253,
            8156.818596,
            13380.095649,
            25408.047423,
            17907.854872,
            17638.571333,
            17775.492331,
            15879.715992,
            14623.195395,
            12303.285068,
            13327.946524,
            9576.505425,
            13769.605607,
            38728.825634,
            33956.40752,
            26298.247719,
            23525.593408,
            19244.659235,
            16317.449741,
            19130.939905,
            15740.396602,
            17095.488574,
            16083.559345
        ],
        [
            43321.398164,
            27011.656014,
            21862.910492,
            23509.495718,
            31163.146046,
            17822.747088,
            14382.361353,
            9112.868704,
            16298.972369,
            26063.854737,
            27894.890176,
            21757.715054,
            17776.276361,
            14802.448639,
            12430.81237,
            10074.614915,
            7388.524605,
            4165.074771,
            0.0,
            8492.59311,
            27437.862955,
            24363.260713,
            19121.600671,
            13977.660052,
            10267.988046,
            10621.973988,
            7471.091915,
            6345.017969,
            6485.384937,
            10075.48763,
            29311.067643,
            21731.444783,
            21258.645817,
            21085.13058,
            18696.808971,
            17439.210598,
            14970.08224,
            15727.143804,
            10642.530598,
            11878.534213,
            42652.251468,
            37768.286781,
            29885.801213,
            26815.062908,
            21961.471111,
            18868.749333,
            21398.690213,
            17929.191522,
            18809.136541,
            17179.970016
        ],
        [
            50747.248295,
            35433.769614,
            29934.896237,
            30905.811188,
            37064.332557,
            25781.147862,
            20971.144521,
            13593.723048,
            14894.825528,
            22653.768104,
            36249.81145,
            30162.155123,
            26148.45722,
            23244.735859,
            20891.285994,
            18561.385844,
            15607.351016,
            12526.617813,
            8492.59311,
            0.0,
            35546.603987,
            32312.676705,
            26976.30877,
            21466.179453,
            17906.064809,
            17424.561601,
            13999.070243,
            11890.999372,
            8207.946813,
            4546.23026,
            36487.073963,
            28855.653375,
            27972.521582,
            27208.522765,
            24082.022976,
            22922.26621,
            20451.246196,
            20698.659512,
            14559.318732,
            9739.334624,
            49757.276523,
            44606.93474,
            36302.168467,
            32678.673866,
            26946.348718,
            23781.873345,
            25607.053941,
            22308.811398,
            22268.858845,
            19755.233589
        ],
        [
            33860.627759,
            13282.422797,
            18058.816568,
            23368.270345,
            34214.395356,
            19316.334473,
            25914.534369,
            30195.072183,
            40565.341106,
            50637.034599,
            3870.182819,
            7104.48524,
            10143.59833,
            15873.899391,
            17187.889588,
            18035.968241,
            22404.906625,
            23276.367756,
            27437.862955,
            35546.603987,
            0.0,
            3591.116398,
            8776.057283,
            14488.663005,
            17728.981953,
            18879.21946,
            22018.184872,
            24321.196732,
            28780.807271,
            35152.233173,
            8481.606731,
            9838.771966,
            11983.516789,
            14560.4286,
            17903.246985,
            17996.641646,
            19033.409504,
            20061.911772,
            24289.538218,
            32793.300661,
            18095.212651,
            15332.280289,
            13233.757779,
            15342.062774,
            18747.15154,
            19359.705074,
            21356.22885,
            21099.61755,
            23523.361869,
            25697.510312
        ],
        [
            35709.569373,
            14530.500414,
            17901.972361,
            23239.21363,
            34317.278358,
            18364.704992,
            24331.734555,
            27843.818343,
            38147.04048,
            48281.341474,
            6523.990057,
            6235.024973,
            7921.076728,
            14106.362036,
            15010.763496,
            15386.432859,
            19864.992128,
            20228.510128,
            24363.260713,
            32312.676705,
            3591.116398,
            0.0,
            5354.578355,
            11037.444991,
            14418.216732,
            15405.313823,
            18615.929147,
            20909.841873,
            25351.123773,
            31738.194832,
            7694.384657,
            6477.432703,
            8649.377464,
            11260.304727,
            14434.481474,
            14465.796751,
            15445.976309,
            16489.637759,
            20724.702674,
            29249.149162,
            19559.744994,
            15886.78208,
            11741.11793,
            12911.074817,
            15525.677718,
            15904.748588,
            18050.374375,
            17597.856332,
            20046.269314,
            22151.473433
        ],
        [
            37077.772599,
            15861.070161,
            16880.041608,
            21950.188034,
            33042.190409,
            16103.026592,
            20874.617909,
            23307.365698,
            33456.168041,
            43615.876399,
            10641.227473,
            6592.529406,
            5009.448562,
            10898.497543,
            11070.407316,
            10717.754818,
            15220.123049,
            15024.938725,
            19121.600671,
            26976.30877,
            8776.057283,
            5354.578355,
            0.0,
            5712.852382,
            9072.448798,
            10103.671192,
            13268.196928,
            15565.93136,
            20016.498657,
            26397.459128,
            10956.079404,
            4959.512604,
            6505.18391,
            8774.635153,
            10855.073283,
            10503.67952,
            10871.156834,
            12106.058217,
            15623.70541,
            24061.406637,
            23996.057656,
            19651.251458,
            13403.930986,
            12708.133864,
            12920.727073,
            12318.727729,
            14998.820399,
            13694.93452,
            16203.30611,
            17874.79389
        ],
        [
            40020.170233,
            19530.684313,
            18401.399277,
            22798.16411,
            33447.439517,
            16303.873909,
            19038.351624,
            19593.483938,
            29267.97321,
            39376.680041,
            16107.781323,
            10997.745932,
            7519.371208,
            10649.962451,
            9564.865535,
            7722.693988,
            11705.930001,
            10096.406774,
            13977.660052,
            21466.179453,
            14488.663005,
            11037.444991,
            5712.852382,
            0.0,
            3711.884393,
            4395.488762,
            7593.561183,
            9877.84658,
            14313.682958,
            20701.678447,
            15337.787505,
            7812.990225,
            7747.571821,
            8543.516941,
            8353.397651,
            7419.97665,
            6541.222254,
            7977.044599,
            10106.959206,
            18410.855419,
            28676.269791,
            23860.012182,
            16343.212329,
            14068.002994,
            11452.794688,
            9517.125448,
            12607.599257,
            10190.71039,
            12549.426968,
            13480.774005
        ],
        [
            40345.933316,
            20776.637669,
            18262.177152,
            22035.76905,
            32165.780856,
            15430.284894,
            16731.051658,
            16252.354117,
            25688.323786,
            35763.779793,
            18883.603004,
            13204.001114,
            9260.430713,
            10057.993807,
            8265.076939,
            5610.305519,
            8700.84452,
            6412.456581,
            10267.988046,
            17906.064809,
            17728.981953,
            14418.216732,
            9072.448798,
            3711.884393,
            0.0,
            2568.654063,
            4439.236278,
            6719.449217,
            11179.471583,
            17482.046332,
            19049.634261,
            11505.485293,
            11255.466173,
            11610.840998,
            10376.692199,
            9201.157107,
            7366.565186,
            8721.5046,
            8288.589085,
            15841.893315,
            32387.966353,
            27557.130363,
            19909.765727,
            17317.31426,
            13729.126239,
            11179.100502,
            14243.258043,
            11214.324702,
            13201.022488,
            13290.795278
        ],
        [
            42871.471625,
            23082.024423,
            20814.788315,
            24598.843953,
            34664.190776,
            17994.05019,
            18990.36954,
            17737.908418,
            26658.917012,
            36601.540447,
            20449.536536,
            15089.592941,
            11303.646912,
            12620.779614,
            10824.254332,
            8101.301876,
            10692.711007,
            7387.268907,
            10621.973988,
            17424.561601,
            18879.21946,
            15405.313823,
            10103.671192,
            4395.488762,
            2568.654063,
            0.0,
            3428.869864,
            5606.539057,
            9972.761607,
            16367.622276,
            19070.227813,
            11434.596152,
            10703.937915,
            10483.401337,
            8533.414457,
            7289.842716,
            5136.294104,
            6383.680248,
            5980.626208,
            14048.859267,
            32371.892983,
            27321.4637,
            19284.400967,
            16229.962707,
            11912.423083,
            9112.197636,
            12084.415353,
            8889.43805,
            10740.403757,
            10723.855324
        ],
        [
            43861.225738,
            24931.520063,
            21697.496874,
            24885.601228,
            34323.681025,
            18383.975669,
            17982.842297,
            15417.862076,
            23724.248742,
            33534.929219,
            23308.600103,
            17635.408563,
            13666.809058,
            13523.116496,
            11360.093715,
            8386.048093,
            9446.123728,
            5049.444668,
            7471.091915,
            13999.070243,
            22018.184872,
            18615.929147,
            13268.196928,
            7593.561183,
            4439.236278,
            3428.869864,
            0.0,
            2305.639673,
            6775.620264,
            13134.056748,
            22499.094917,
            14863.383125,
            14092.065784,
            13681.845828,
            11237.853458,
            9977.568381,
            7530.696069,
            8405.410053,
            4874.825421,
            11463.469876,
            35797.844782,
            30727.695924,
            22616.24848,
            19383.249449,
            14533.711548,
            11490.236449,
            14183.964872,
            10754.163315,
            12046.057133,
            11140.080006
        ],
        [
            45484.005241,
            26967.022883,
            23360.319057,
            26228.28383,
            35248.026131,
            19845.624565,
            18630.19613,
            15055.26897,
            22585.950512,
            32186.613014,
            25601.312627,
            19885.147157,
            15893.641529,
            15293.963846,
            13026.771412,
            10059.651919,
            10209.432285,
            5354.960253,
            6345.017969,
            11890.999372,
            24321.196732,
            20909.841873,
            15565.93136,
            9877.84658,
            6719.449217,
            5606.539057,
            2305.639673,
            0.0,
            4470.725983,
            10832.141247,
            24610.993548,
            16989.937688,
            16085.592943,
            15445.772127,
            12644.728832,
            11412.725521,
            8905.468946,
            9497.083524,
            4418.325714,
            9359.592591,
            37866.850939,
            32726.526464,
            24489.393681,
            21055.920114,
            15803.427243,
            12661.731944,
            15082.887943,
            11612.721775,
            12476.897869,
            11021.468136
        ],
        [
            48877.01375,
            31075.026726,
            26936.305979,
            29275.116807,
            37500.171773,
            23163.892788,
            20693.426807,
            15483.408131,
            21068.413597,
            30033.037885,
            30062.778814,
            24299.242875,
            20286.548749,
            19122.543133,
            16766.282648,
            13895.276203,
            12891.0008,
            8156.818596,
            6485.384937,
            8207.946813,
            28780.807271,
            25351.123773,
            20016.498657,
            14313.682958,
            11179.471583,
            9972.761607,
            6775.620264,
            4470.725983,
            0.0,
            6394.868682,
            28743.226197,
            21178.108049,
            20087.719531,
            19126.486956,
            15895.390074,
            14754.922952,
            12311.071002,
            12496.958275,
            6352.556038,
            5639.271002,
            41893.093967,
            36642.992384,
            28234.559833,
            24512.213668,
            18739.250849,
            15573.956859,
            17464.607886,
            14123.519486,
            14250.745937,
            11982.82767
        ],
        [
            53365.663389,
            36719.39234,
            31908.454029,
            33523.914179,
            40534.586922,
            27894.783163,
            24014.877473,
            17227.254839,
            19441.053982,
            26956.158597,
            36331.588828,
            30461.832142,
            26426.220293,
            24555.632259,
            22162.37567,
            19485.324591,
            17445.942075,
            13380.095649,
            10075.48763,
            4546.23026,
            35152.233173,
            31738.194832,
            26397.459128,
            20701.678447,
            17482.046332,
            16367.622276,
            13134.056748,
            10832.141247,
            6394.868682,
            0.0,
            35032.324062,
            27510.989062,
            26331.279926,
            25187.605798,
            21736.121394,
            20681.691885,
            18340.454805,
            18294.564478,
            12160.223164,
            5493.955312,
            48091.851149,
            42771.705604,
            34268.218338,
            30357.986987,
            24284.448301,
            21196.239231,
            22612.391228,
            19523.090665,
            19071.654303,
            16319.478924
        ],
        [
            42329.318261,
            21656.925149,
            25586.866076,
            30927.959829,
            41989.523008,
            25978.909109,
            31588.005177,
            34236.728801,
            44303.264467,
            54458.867988,
            12331.869447,
            13927.655099,
            15136.609592,
