{
    "p": 8,
    "c": 1,
    "alpha": 0.5,
    "customers": [
        0,
        1,
        2,
        3,
        4,
        5,
        6,
        7,
        8,
        9,
        10,
        11,
        12,
        13,
        14,
        15,
        16,
        17,
        18,
        19,
        20,
        21,
        22,
        23,
        24,
        25,
        26,
        27,
        28,
        29,
        30,
        31,
        32,
        33,
        34,
        35,
        36,
        37,
        38,
        39,
        40,
        41,
        42,
        43,
        44,
        45,
        46,
        47,
        48,
        49,
        50,
        51,
        52,
        53,
        54,
        55,
        56,
        57,
        58,
        59,
        60,
        61,
        62,
        63,
        64,
        65,
        66,
        67,
        68,
        69
    ],
    "distances": [
        [
            0.0,
            16472.155539,
            21941.257503,
            23317.999783,
            22836.061163,
            18152.520338,
            18599.820668,
            26872.645774,
            29427.235106,
            34861.379541,
            40793.724249,
            46422.245995,
            50950.827461,
            51270.202779,
            31285.412805,
            30292.57056,
            32411.269024,
            34702.365202,
            32664.598787,
            30976.002736,
            35276.469992,
            36779.016018,
            36854.254544,
            40889.960545,
            41647.339483,
            44253.548726,
            44479.9259,
            54005.108088,
            33537.595343,
            36481.211788,
            38903.802151,
            37956.116064,
            40315.632326,
            41250.13138,
            43375.333838,
            42832.837306,
            44774.398096,
            45640.984425,
            48237.590412,
            50921.784527,
            54313.411919,
            54122.803287,
            43482.241259,
            41895.514909,
            43213.964258,
            45041.28539,
            47149.071305,
            44977.652786,
            48941.096907,
            47003.870198,
            47418.04418,
            48929.67749,
            48501.791646,
            50147.018277,
            53281.068057,
            56594.133215,
            49252.809843,
            48672.795883,
            48709.957143,
            48035.382895,
            50074.800596,
            50017.569857,
            51129.018994,
            49897.322245,
            52426.803535,
            53682.389279,
            51214.363411,
            53792.057805,
            54097.016321,
            54837.65471
        ],
        [
            16472.155539,
            0.0,
            6862.433064,
            11189.742596,
            12096.864895,
            24275.144828,
            16895.023151,
            15551.447737,
            21123.884165,
            26418.192528,
            32716.972632,
            40698.067489,
            45360.938836,
            47547.131139,
            14845.356371,
            14040.455058,
            16855.690463,
            19217.786305,
            18320.762258,
            18081.471191,
            21823.012082,
            23550.451976,
            25042.577947,
            28176.199837,
            29278.63763,
            32538.692076,
            33108.788606,
            43404.104442,
            17107.718276,
            20023.398123,
            22527.851477,
            22121.168481,
            25175.376711,
            26694.628918,
            28910.832689,
            28714.243464,
            30993.231943,
            32207.669294,
            35049.652299,
            38604.416722,
            42107.137395,
            42480.099617,
            27044.200888,
            25656.261749,
            27042.295902,
            28859.028674,
            31040.038043,
            29424.199071,
            33208.854048,
            31676.550433,
            32187.923821,
            33654.817435,
            33735.003262,
            36256.842852,
            39687.256085,
            43886.449111,
            34014.383286,
            32969.191642,
            32312.444817,
            31563.246594,
            33629.308142,
            33743.851873,
            35228.159093,
            34272.207895,
            36643.282263,
            37892.417668,
            35826.580941,
            38391.153644,
            39025.849722,
            39940.946203
        ],
        [
            21941.257503,
            6862.433064,
            0.0,
            5524.509608,
            7152.879658,
            24965.586829,
            15720.720245,
            9546.190522,
            15888.608052,
            20738.735018,
            26902.317805,
            35407.112664,
            40000.215417,
            42748.767039,
            11574.578561,
            8799.332778,
            10482.746272,
            12800.955387,
            11478.989037,
            11348.542844,
            14969.48722,
            16704.806178,
            18394.639454,
            21352.747087,
            22487.109432,
            25814.76534,
            26437.052645,
            36781.822842,
            13698.30412,
            15475.346723,
            17422.957382,
            16016.231842,
            18596.44232,
            19934.692167,
            22141.255351,
            21889.163702,
            24143.344306,
            25345.966157,
            28187.414402,
            31777.800781,
            35280.782308,
            35708.716334,
            23081.275938,
            20128.054621,
            21374.414603,
            23200.239316,
            25255.819254,
            23090.634423,
            27015.059552,
            25214.199092,
            25678.853427,
            27171.770231,
            27057.653664,
            29425.444005,
            32838.151264,
            37029.312791,
            32432.121292,
            30745.29979,
            28451.910857,
            27047.663406,
            28703.017627,
            28237.860894,
            29187.763349,
            27998.249364,
            30495.281286,
            31750.792085,
            29407.689458,
            31985.06002,
            32467.842768,
            33322.167317
        ],
        [
            23317.999783,
            11189.742596,
            5524.509608,
            0.0,
            1936.335474,
            22048.931364,
            12124.587759,
            4363.462437,
            10378.873896,
            15376.987874,
            21624.195956,
            29948.571913,
            34563.703481,
            37229.276208,
            15526.538102,
            11477.245385,
            10879.830571,
            12729.04051,
            9629.253659,
            7692.564427,
            11960.665303,
            13497.534568,
            14177.304551,
            17805.029747,
            18726.612172,
            21739.903389,
            22201.911472,
            32384.837478,
            17348.420521,
            18010.479979,
            19181.377783,
            16335.831045,
            17535.748181,
            18071.244195,
            20138.788453,
            19529.067586,
            21461.07841,
            22377.421088,
            25050.220249,
            28117.663218,
            31593.345283,
            31741.033154,
            25710.040205,
            21139.747408,
            22106.667683,
            23858.766239,
            25630.414185,
            22485.664192,
            26578.371181,
            24207.362813,
            24528.452241,
            26049.263748,
            25322.279091,
            26834.838115,
            30016.309912,
            33637.386019,
            36463.569011,
            34433.859455,
            30982.927239,
            28993.743675,
            30141.095366,
            28936.985003,
            28988.454764,
            27360.994593,
            30054.737017,
            31292.921303,
            28393.526783,
            30944.061801,
            31010.983258,
            31661.911551
        ],
        [
            22836.061163,
            12096.864895,
            7152.879658,
            1936.335474,
            0.0,
            20329.55316,
            10337.953073,
            4066.410602,
            9060.434683,
            14327.270183,
            20635.617624,
            28675.736343,
            33322.036346,
            35778.188566,
            17462.502113,
            13387.507165,
            12544.657044,
            14259.2806,
            10812.934996,
            8266.526162,
            12613.113412,
            14010.479792,
            14135.343975,
            18057.458653,
            18855.611506,
            21658.2469,
            22022.133216,
            32037.375466,
            19281.460876,
            19872.899408,
            20944.94566,
            17880.88772,
            18727.662494,
            19005.816595,
            20994.027313,
            20263.772253,
            22043.977473,
            22830.510165,
            25402.092378,
            28199.273651,
            31639.319928,
            31641.664116,
            27556.44796,
            22768.54668,
            23674.906608,
            25399.629386,
            27098.91404,
            23740.173117,
            27843.569821,
            25333.618058,
            25609.445391,
            27125.691823,
            26210.836319,
            27399.22816,
            30463.698157,
            33814.142573,
            38398.510023,
            36357.50967,
            32806.512517,
            30741.312248,
            31801.033036,
            30457.759142,
            30299.805947,
            28566.803678,
            31297.132268,
            32523.989013,
            29484.921965,
            32011.592811,
            31949.23864,
            32529.720711
        ],
        [
            18152.520338,
            24275.144828,
            24965.586829,
            22048.931364,
            20329.55316,
            0.0,
            10041.387883,
            22808.604685,
            20775.700938,
            24661.962275,
            29017.404752,
            31815.986106,
            35891.870048,
            34956.143488,
            36539.669961,
            33231.436392,
            32874.140131,
            34531.13517,
            30734.005182,
            27347.740357,
            31293.120488,
            32121.433725,
            30193.24107,
            34684.426248,
            34823.083018,
            36138.184699,
            35886.101852,
            43412.520714,
            38639.45382,
            39923.294007,
            41229.655444,
            38148.435661,
            38402.924954,
            38001.9327,
            39644.690873,
            38547.865452,
            39635.955405,
            39816.805062,
            41705.867137,
            42811.982644,
            45725.517242,
            44798.981564,
            47642.361272,
            43085.447755,
            43946.414957,
            45637.138583,
            47225.61113,
            43456.197309,
            47524.334138,
            44675.81018,
            44809.595905,
            46273.613482,
            44747.477854,
            44558.154779,
            46881.207457,
            48526.174155,
            57315.220765,
            55709.754966,
            52962.189034,
            51042.647777,
            52126.518385,
            50653.555157,
            50069.666707,
            48075.419536,
            50870.422727,
            52048.968108,
            48627.145767,
            51020.843778,
            50487.558199,
            50772.710696
        ],
        [
            18599.820668,
            16895.023151,
            15720.720245,
            12124.587759,
            10337.953073,
            10041.387883,
            0.0,
            12822.887918,
            11996.640242,
            16926.369992,
            22467.60996,
            27853.331635,
            32420.459273,
            33160.282988,
            27149.344833,
            23499.672617,
            22870.766255,
            24493.353458,
            20709.012774,
            17410.086003,
            21481.351138,
            22449.185139,
            20998.483354,
            25460.314634,
            25800.729159,
            27637.290423,
            27590.63314,
            36278.635348,
            29147.664208,
            30116.163829,
            31280.847598,
            28109.136969,
            28436.182841,
            28183.422326,
            29925.241186,
            28916.718355,
            30213.23825,
            30579.721687,
            32716.005979,
            34426.123013,
            37587.236933,
            36995.269454,
            37825.654566,
            33057.487121,
            33906.591256,
            35595.7507,
            37192.449082,
            33493.234605,
            37576.845755,
            34803.561395,
            34974.161313,
            36457.412103,
            35094.542946,
            35326.479312,
            37922.38274,
            40199.03268,
            48109.961059,
            46287.514289,
            43107.035793,
            41079.261537,
            42104.149974,
            40614.182932,
            40105.509244,
            38170.630342,
            40954.962935,
            42148.036421,
            38820.641269,
            41259.764428,
            40864.600074,
            41242.812415
        ],
        [
            26872.645774,
            15551.447737,
            9546.190522,
            4363.462437,
            4066.410602,
            22808.604685,
            12822.887918,
            0.0,
            6695.933618,
            11197.981608,
            17364.755199,
            25915.509325,
            30482.688517,
            33432.028582,
            17687.875928,
            13069.642461,
            10884.911083,
            12063.106799,
            7970.514329,
            4625.821132,
            8879.402299,
            10129.423892,
            10071.920082,
            14019.894439,
            14793.11314,
            17606.551661,
            17996.756237,
            28093.269722,
            19164.615349,
            18898.637418,
            19384.743639,
            15600.960356,
            15613.313047,
            15489.546245,
            17360.65413,
            16510.91915,
            18155.726005,
            18860.97652,
            21383.80727,
            24132.87993,
            27574.344872,
            27598.536609,
            26342.78388,
            20646.711912,
            21347.867439,
            22969.909978,
            24457.690392,
            20670.384405,
            24755.701158,
            22027.389873,
            22231.945059,
            23730.822253,
            22579.693055,
            23481.489494,
            26477.275559,
            29751.579521,
            38141.741455,
            35810.413337,
            31399.899053,
            28972.005603,
            29680.331764,
            27921.883215,
            27282.655256,
            25367.169819,
            28144.305281,
            29344.318545,
            26097.71399,
            28577.629865,
            28349.698253,
            28850.211748
        ],
        [
            29427.235106,
            21123.884165,
            15888.608052,
            10378.873896,
            9060.434683,
            20775.700938,
            11996.640242,
            6695.933618,
            0.0,
            5558.683748,
            11825.903829,
            19617.643733,
            24261.604862,
            26864.877409,
            24267.013512,
            19548.167113,
            16725.745675,
            17321.33491,
            12902.681733,
            8996.21968,
            11641.88943,
            11961.64117,
            9452.427685,
            13929.654753,
            14051.943828,
            15651.108875,
            15595.403807,
            24605.127683,
            25618.354794,
            24909.730891,
            24919.594586,
            20522.291431,
            19176.39479,
            18046.222684,
            19373.320068,
            18124.211353,
            18957.750929,
            19052.385189,
            20951.074929,
            22435.08056,
            25593.235278,
            25054.026511,
            32028.007258,
            25536.207779,
            25941.916848,
            27358.766215,
            28461.274957,
            24013.353739,
            27885.041319,
            24746.790313,
            24750.728952,
            26133.766683,
            24280.915106,
            23787.193037,
            26142.65112,
            28207.10293,
            44384.920757,
            41892.27925,
            36835.548141,
            34066.603573,
            34330.094544,
            31999.784351,
            30481.91344,
            28215.167782,
            31012.845478,
            32114.327523,
            28429.935179,
            30692.305214,
            29937.111952,
            30124.467964
        ],
        [
            34861.379541,
            26418.192528,
            20738.735018,
            15376.987874,
            14327.270183,
            24661.962275,
            16926.369992,
            11197.981608,
            5558.683748,
            0.0,
            6318.881417,
            14779.195906,
            19300.968644,
            22577.026151,
            27669.268699,
            22835.833332,
            19249.744076,
            19182.587545,
            14961.694699,
            11507.132373,
            12226.401761,
            11720.793626,
            7921.986159,
            11662.29683,
            11219.437257,
            11646.938166,
            11270.580482,
            19353.955052,
            28691.79862,
            27259.449049,
            26654.30778,
            21809.856304,
            19298.147956,
            17410.1413,
            18147.969025,
            16690.955218,
            16778.952818,
            16379.047639,
            17657.600191,
            18184.571789,
            21065.958963,
            20228.610877,
            33740.898709,
            26525.513807,
            26608.196845,
            27758.925781,
            28440.555546,
            23591.967861,
            27081.061179,
            23736.040165,
            23567.754002,
            24780.466394,
            22442.927211,
            20880.576573,
            22661.822409,
            23870.986995,
            46775.678043,
            44026.151995,
            38128.552895,
            35009.724477,
            34776.807273,
            31929.001841,
            29639.574134,
            27149.533788,
            29859.235063,
            30838.556352,
            26913.937799,
            28909.756606,
            27753.705714,
            27688.075214
        ],
        [
            40793.724249,
            32716.972632,
            26902.317805,
            21624.195956,
            20635.617624,
            29017.404752,
            22467.60996,
            17364.755199,
            11825.903829,
            6318.881417,
            0.0,
            9345.887511,
            13516.562227,
            17625.145352,
            32944.8444,
            28131.035833,
            24158.107605,
            23626.997759,
            19803.230188,
            16883.139377,
            16328.625582,
            15246.758231,
            11228.883633,
            13131.283652,
            12053.269782,
            10477.552616,
            9543.87597,
            14421.714969,
            33719.11511,
            31775.11967,
            30692.725116,
            25669.936589,
            22289.055255,
            19829.976751,
            19873.427889,
            18338.522495,
            17525.852582,
            16521.390669,
            16743.937004,
            15579.937193,
            17715.790785,
            16302.847222,
            37575.970035,
            29923.360394,
            29706.656804,
            30559.491834,
            30797.900109,
            25768.090134,
            28671.003326,
            25273.2852,
            24922.406485,
            25869.175632,
            23100.557774,
            20243.571034,
            21039.482721,
            20738.835255,
            51013.031136,
            48067.880551,
            41495.775636,
            38112.918638,
            37403.238491,
            34112.364224,
            31078.759682,
            28445.513308,
            30939.236888,
            31740.296181,
            27700.519856,
            29284.360936,
            27677.5686,
            27285.566755
        ],
        [
            46422.245995,
            40698.067489,
            35407.112664,
            29948.571913,
            28675.736343,
            31815.986106,
            27853.331635,
            25915.509325,
            19617.643733,
            14779.195906,
            9345.887511,
            0.0,
            4679.825007,
            8351.902393,
            42195.906202,
            37367.703988,
            33473.519048,
            32972.879782,
            29116.56132,
            26050.388018,
            25673.704457,
            24560.600526,
            20563.429534,
            22034.363717,
            20792.114745,
            18357.846622,
            17215.337798,
            16553.627154,
            43030.217575,
            41120.379103,
            39998.246296,
            34964.193156,
            31414.957765,
            28818.495284,
            28585.372311,
            27070.188395,
            25851.835629,
            24557.593926,
            24005.752313,
            21327.88407,
            22165.108283,
            20064.339916,
            46825.317461,
            39094.10109,
            38787.046108,
            39523.509535,
            39567.985878,
            34535.158675,
            37077.73375,
            33731.72271,
            33288.468679,
            34048.367614,
            31102.325483,
            27442.808597,
            27258.881068,
            25129.340627,
            60319.750385,
            57341.581171,
            50596.859878,
            47134.780195,
            46227.668627,
            42752.859381,
            39345.101889,
            36682.612928,
            38977.085638,
            39636.138472,
            35625.610707,
            36859.20577,
            34948.997752,
            34293.933968
        ],
        [
            50950.827461,
            45360.938836,
            40000.215417,
            34563.703481,
            33322.036346,
            35891.870048,
            32420.459273,
            30482.688517,
            24261.604862,
            19300.968644,
            13516.562227,
            4679.825007,
            0.0,
            5895.777047,
            46457.737768,
            41646.874199,
            37636.359629,
            36987.805295,
            33288.784269,
            30388.456513,
            29688.95765,
            28453.524492,
            24544.991945,
            25486.717655,
            24150.636273,
            21305.078543,
            20122.386016,
            16951.093545,
            47195.183785,
            45097.807696,
            43801.135922,
            38756.805616,
            34965.750911,
            32245.287293,
            31772.755789,
            30296.307403,
            28807.920939,
            27360.614167,
            26379.33396,
            23046.73634,
            23192.138293,
            20903.424396,
            50486.740356,
            42656.947976,
            42234.535778,
            42836.146258,
            42690.422494,
            37697.998728,
            39918.968408,
            36651.449116,
            36144.477474,
            36758.702902,
            33737.733768,
            29669.826906,
            28949.665746,
            25962.187439,
            64085.656713,
            61029.492698,
            54019.742549,
            50472.518742,
            49359.47221,
            45736.029737,
            42055.538681,
            39400.691437,
            41524.467556,
            42076.088817,
            38137.325981,
            39120.515073,
            37049.436728,
            36246.693712
        ],
        [
            51270.202779,
            47547.131139,
            42748.767039,
            37229.276208,
            35778.188566,
            34956.143488,
            33160.282988,
            33432.028582,
            26864.877409,
            22577.026151,
            17625.145352,
            8351.902393,
            5895.777047,
            0.0,
            50219.871961,
            45384.240031,
            41616.84302,
            41216.204927,
            37265.532554,
            34041.075681,
            33933.494499,
            32870.346436,
            28852.793821,
            30377.235298,
            29119.774624,
            26559.012392,
            25395.405656,
            22846.330209,
            51150.214407,
            49370.491483,
            48315.515885,
            43287.878665,
            39766.856862,
            37163.154985,
            36887.389191,
            35379.596004,
            34077.966837,
            32719.413071,
            31946.114691,
            28815.425321,
            29072.33963,
            26792.936191,
            55167.342489,
            47445.488839,
            47136.452631,
            47858.677826,
            47863.514589,
            42837.126294,
            45276.84257,
            41957.157276,
            41488.789362,
            42187.1753,
            39200.803029,
            35303.731681,
            34741.047756,
            31855.959061,
            68636.90305,
            65676.758399,
            58946.379833,
            55475.845466,
            54529.519748,
            51009.284972,
            47490.61484,
            44828.494646,
            47042.615288,
            47644.545337,
            43667.983053,
            44758.793423,
            42742.139833,
            41984.029918
        ],
        [
            31285.412805,
            14845.356371,
            11574.578561,
            15526.538102,
            17462.502113,
            36539.669961,
            27149.344833,
            17687.875928,
            24267.013512,
            27669.268699,
            32944.8444,
            42195.906202,
            46457.737768,
            50219.871961,
            0.0,
            4835.641136,
            8983.909993,
            10363.279309,
            13231.24034,
            16178.796298,
            17119.980301,
            18674.336639,
            22153.087628,
            22957.081502,
            24393.223468,
            28038.090905,
            29016.921853,
            38984.482284,
            2267.64493,
            5764.179915,
            8779.644896,
            10991.371467,
            15534.781551,
            18176.04887,
            20163.665851,
            20736.378344,
            23276.129985,
            24936.587237,
            27790.536324,
            32295.900644,
            35585.722264,
            36735.842506,
            12200.187905,
            12342.116692,
            13889.296554,
            15540.533941,
            17842.72351,
            17977.315856,
            20948.213051,
            20562.394761,
            21252.828462,
            22473.73703,
            23664.663195,
            27614.744038,
            31211.537442,
            36451.05718,
            20985.18395,
            19176.070984,
            17476.593422,
            16827.953573,
            19120.973599,
            19904.9645,
            22410.633258,
            22208.6103,
            24052.494528,
            25227.674825,
            24214.208535,
            26585.957222,
            27874.595607,
            29077.881407
        ],
        [
            30292.57056,
            14040.455058,
            8799.332778,
            11477.245385,
            13387.507165,
            33231.436392,
            23499.672617,
            13069.642461,
            19548.167113,
            22835.833332,
            28131.035833,
            37367.703988,
            41646.874199,
            45384.240031,
            4835.641136,
            0.0,
            4504.34686,
            6422.768141,
            8515.14575,
            11343.166543,
            12504.539289,
            14136.015138,
            17443.667453,
            18596.554223,
            20002.189637,
            23645.073006,
            24570.987274,
            34706.685822,
            6094.986842,
            6735.431801,
            8667.486212,
            8383.806806,
            12291.646853,
            14569.642152,
            16709.610548,
            17025.669768,
            19550.281376,
            21114.698097,
            24021.750963,
            28344.22319,
            31728.424486,
            32704.444208,
            14432.934915,
            11625.88543,
            13001.868083,
            14819.033971,
            17004.1661,
            15797.57085,
            19360.857148,
            18233.16885,
            18835.668422,
            20215.891452,
            20854.779486,
            24290.561733,
            27883.604706,
            32854.355905,
            25146.45062,
            22987.427366,
            19784.474404,
            18250.647735,
            19939.945337,
            19735.443762,
            21259.343425,
            20496.99547,
            22734.240814,
            23972.753647,
            22235.114802,
            24751.120085,
            25671.985201,
            26735.891076
        ],
        [
            32411.269024,
            16855.690463,
            10482.746272,
            10879.830571,
            12544.657044,
            32874.140131,
            22870.766255,
            10884.911083,
            16725.745675,
            19249.744076,
            24158.107605,
            33473.519048,
            37636.359629,
            41616.84302,
            8983.909993,
            4504.34686,
            0.0,
            2362.651609,
            4356.963331,
            7869.924301,
            8136.943813,
            9702.632598,
            13200.444563,
            14100.907917,
            15513.777114,
            19159.534061,
            20101.827618,
            30206.029839,
            9561.253868,
            8186.251503,
            8523.1801,
            5623.008987,
            8379.957495,
            10314.859386,
            12509.589452,
            12679.327107,
            15176.709161,
            16694.916728,
            19610.299248,
            23870.743388,
            27273.666699,
            28213.0018,
            15463.700272,
            10262.735108,
            11282.625329,
            13068.677285,
            14973.908441,
            12621.944866,
            16533.132624,
            14822.378592,
            15333.606217,
            16799.323426,
            17007.457504,
            20079.701372,
            23648.006937,
            28481.994235,
            27708.684997,
            25166.947924,
            20526.907101,
            18239.538324,
            19265.610985,
            18158.69336,
            18734.889111,
            17519.895735,
            20016.010154,
            21271.606892,
            18985.704049,
            21556.902963,
            22178.385154,
            23124.458808
        ],
        [
            34702.365202,
            19217.786305,
            12800.955387,
            12729.04051,
            14259.2806,
            34531.13517,
            24493.353458,
            12063.106799,
            17321.33491,
            19182.587545,
            23626.997759,
            32972.879782,
            36987.805295,
            41216.204927,
            10363.279309,
            6422.768141,
            2362.651609,
            0.0,
            4420.251451,
            8326.873547,
            7304.488054,
            8608.95935,
            12443.790678,
            12636.329313,
            14084.120135,
            17718.086646,
            18727.953488,
            28622.043805,
            10470.045894,
            8154.652325,
            7608.979124,
            3621.961274,
            6042.369042,
            8149.703491,
            10305.81844,
            10607.160105,
            13137.127178,
            14725.06151,
            17622.674396,
            22014.072652,
            25363.000503,
            26420.329653,
            14734.022082,
            8599.107892,
            9419.303921,
            11142.08823,
            12912.297921,
            10289.696294,
            14243.462593,
            12462.298845,
            12970.985045,
            14437.908402,
            14675.948437,
            17890.017638,
            21476.589021,
            26435.543856,
            27597.816506,
            24857.729008,
            19530.559613,
            16931.07793,
            17650.13947,
            16211.194798,
            16499.971813,
            15200.49478,
            17734.293577,
            18989.309908,
            16631.846665,
            19205.105278,
            19816.17567,
            20767.627356
        ],
        [
            32664.598787,
            18320.762258,
            11478.989037,
            9629.253659,
            10812.934996,
            30734.005182,
            20709.012774,
            7970.514329,
            12902.681733,
            14961.694699,
            19803.230188,
            29116.56132,
            33288.784269,
            37265.532554,
            13231.24034,
            8515.14575,
            4356.963331,
            4420.251451,
            0.0,
            3913.424588,
            4068.557846,
            5795.428679,
            8931.893088,
            10458.323334,
            11783.53059,
            15376.073785,
            16226.847028,
            26507.476283,
            13916.223809,
            12311.073178,
            12026.94035,
            7735.420561,
            7923.485542,
            8596.386919,
            10758.971891,
            10415.759254,
            12673.91622,
            13936.709975,
            16817.800868,
            20692.757756,
            24173.414491,
            24862.197246,
            19148.218235,
            12798.714341,
            13409.936539,
            15006.280775,
            16496.912804,
            12927.549978,
            17031.202488,
            14578.64862,
            14902.518419,
            16423.537758,
            15838.586548,
            17946.990256,
            21366.871119,
            25714.601177,
            31854.130367,
            29192.262691,
            23938.43264,
            21257.506322,
            21779.918969,
            19952.297844,
            19498.427697,
            17762.58135,
            20485.040205,
            21713.817903,
            18764.928045,
            21318.286098,
            21453.65895,
            22173.056162
        ],
        [
            30976.002736,
            18081.471191,
            11348.542844,
            7692.564427,
            8266.526162,
            27347.740357,
            17410.086003,
            4625.821132,
            8996.21968,
            11507.132373,
            16883.139377,
            26050.388018,
            30388.456513,
            34041.075681,
            16178.796298,
            11343.166543,
            7869.924301,
            8326.873547,
            3913.424588,
            0.0,
            4346.631091,
            5807.523868,
            7078.899991,
            10187.694478,
            11215.234557,
            14470.270491,
            15091.982696,
            25448.096353,
            17193.723295,
            16032.178262,
            15923.605712,
            11611.687479,
            11059.631269,
            10869.281578,
            12775.746775,
            11999.699814,
            13807.192239,
            14685.657115,
            17365.574621,
            20585.941033,
            24082.151363,
            24398.909787,
            23035.508666,
            16665.209744,
            17199.547771,
            18731.509827,
            20077.760858,
            16109.330211,
            20178.182951,
            17407.085744,
            17606.410855,
            19105.006353,
            17998.433008,
            19175.705434,
            22325.662583,
            26016.264092,
            35573.545222,
            32987.007009,
            27851.556849,
            25153.436678,
            25593.688724,
            23581.512747,
            22722.311446,
            20760.935461,
            23545.086718,
            24738.431538,
            21471.901304,
            23953.913865,
            23759.482614,
            24295.54249
        ],
        [
            35276.469992,
            21823.012082,
            14969.48722,
            11960.665303,
            12613.113412,
            31293.120488,
            21481.351138,
            8879.402299,
            11641.88943,
            12226.401761,
            16328.625582,
            25673.704457,
            29688.95765,
            33933.494499,
            17119.980301,
            12504.539289,
            8136.943813,
            7304.488054,
            4068.557846,
            4346.631091,
            0.0,
            1768.469357,
            5144.825792,
            6475.782094,
            7750.306257,
            11317.487156,
            12158.448784,
            22451.957491,
            17594.861902,
            15446.677714,
            14503.63667,
            9591.257499,
            7535.46437,
            6710.521907,
            8487.218897,
            7655.392529,
            9500.803446,
            10487.004738,
            13262.890974,
            16845.300188,
            20344.506227,
            20913.108106,
            21545.019502,
            14330.992647,
            14521.733872,
            15822.352783,
            16828.110317,
            12413.067548,
            16370.868201,
            13394.376869,
            13516.675896,
            14986.367256,
            13702.10977,
            14874.698153,
            18099.567842,
            22064.246355,
            34767.213886,
            31914.840457,
            25910.213453,
            22854.137864,
            22839.206979,
            20367.017548,
            18957.015303,
            16822.49613,
            19626.556423,
            20783.201982,
            17345.716776,
            19778.87976,
            19474.695605,
            19973.72324
        ],
        [
            36779.016018,
            23550.451976,
            16704.806178,
            13497.534568,
            14010.479792,
            32121.433725,
            22449.185139,
            10129.423892,
            11961.64117,
            11720.793626,
            15246.758231,
            24560.600526,
            28453.524492,
            32870.346436,
            18674.336639,
            14136.015138,
            9702.632598,
            8608.95935,
            5795.428679,
            5807.523868,
            1768.469357,
            0.0,
            4049.320943,
            4707.320619,
            5992.655317,
            9582.234307,
            10454.030677,
            20712.135185,
            19033.681802,
            16651.851437,
            15445.981757,
            10429.000185,
            7589.009429,
            6086.070685,
            7526.696776,
